kind	level	name	limit_kind1	limit_lv1	limit_kind2	limit_lv2	restype1	resvalue1	restype2	resvalue2	restype3	resvalue3	restype4	resvalue4	worker	sec	value1	value2	value3	value4
1	0	王城/圣殿	0	0	0	0	1	44	2	44	0	0	0	0	1	6	0	0	0	0
1	1	王城/圣殿	2	1	0	0	1	63	2	63	0	0	0	0	1	5	0	0	0	0
1	2	王城/圣殿	2	2	0	0	1	91	2	91	0	0	0	0	1	85	0	0	0	0
1	3	王城/圣殿	2	3	0	0	1	129	2	129	0	0	0	0	1	95	0	0	0	0
1	4	王城/圣殿	2	4	0	0	1	185	2	185	0	0	0	0	1	107	0	0	0	0
1	5	王城/圣殿	2	5	0	0	1	264	2	264	0	0	0	0	1	267	0	0	0	0
1	6	王城/圣殿	2	6	0	0	1	378	2	378	0	0	0	0	1	393	0	0	0	0
1	7	王城/圣殿	2	7	0	0	1	539	2	539	0	0	0	0	1	473	0	0	0	0
1	8	王城/圣殿	2	8	0	0	1	771	2	771	0	0	0	0	1	850	0	0	0	0
1	9	王城/圣殿	2	9	0	0	1	1101	2	1101	0	0	0	0	1	1160	0	0	0	0
1	10	王城/圣殿	2	10	0	0	1	1573	2	1573	0	0	0	0	1	1483	0	0	0	0
1	11	王城/圣殿	2	11	0	0	1	2247	2	2247	0	0	0	0	1	1917	0	0	0	0
1	12	王城/圣殿	2	12	0	0	1	3210	2	3210	0	0	0	0	1	2373	0	0	0	0
1	13	王城/圣殿	2	13	0	0	1	4585	2	4585	0	0	0	0	1	2846	0	0	0	0
1	14	王城/圣殿	2	14	0	0	1	6551	2	6551	0	0	0	0	1	3570	0	0	0	0
1	15	王城/圣殿	2	15	0	0	1	9358	2	9358	0	0	0	0	1	4462	0	0	0	0
1	16	王城/圣殿	2	16	0	0	1	13369	2	13369	0	0	0	0	1	5593	0	0	0	0
1	17	王城/圣殿	2	17	0	0	1	19099	2	19099	0	0	0	0	1	7304	0	0	0	0
1	18	王城/圣殿	2	18	0	0	1	27284	2	27284	0	0	0	0	1	7918	0	0	0	0
1	19	王城/圣殿	2	19	0	0	1	38909	2	38909	0	0	0	0	1	9816	0	0	0	0
1	20	王城/圣殿	2	20	0	0	1	44408	2	44408	3	1101	4	1101	1	12913	0	0	0	0
1	21	王城/圣殿	2	21	0	0	1	52479	2	52479	3	1573	4	1573	1	14888	0	0	0	0
1	22	王城/圣殿	2	22	0	0	1	66875	2	66875	3	2247	4	2247	1	16739	0	0	0	0
1	23	王城/圣殿	2	23	0	0	1	72602	2	72602	3	3210	4	3210	1	20351	0	0	0	0
1	24	王城/圣殿	2	24	0	0	1	82437	2	82437	3	4585	4	4585	1	27438	0	0	0	0
1	25	王城/圣殿	2	25	0	0	1	88030	2	88030	3	6551	4	6551	1	31730	0	0	0	0
1	26	王城/圣殿	2	26	0	0	1	93442	2	93442	3	9358	4	9358	1	35859	0	0	0	0
1	27	王城/圣殿	2	27	0	0	1	118216	2	118216	3	13369	4	13369	1	41813	0	0	0	0
1	28	王城/圣殿	2	28	0	0	1	124333	2	124333	3	19099	4	19099	1	47536	0	0	0	0
1	29	王城/圣殿	2	29	0	0	1	136116	2	136116	3	27284	4	27284	1	53080	0	0	0	0
1	30	王城/圣殿	2	30	0	0	1	148900	2	148900	3	38909	4	38909	1	58483	0	0	0	0
1	31	王城/圣殿	2	31	0	0	1	160492	2	160492	3	44408	4	44408	1	65476	0	0	0	0
1	32	王城/圣殿	2	32	0	0	1	186261	2	186261	3	52479	4	52479	1	72292	0	0	0	0
1	33	王城/圣殿	2	33	0	0	1	208022	2	208022	3	66875	4	66875	1	80572	0	0	0	0
1	34	王城/圣殿	2	34	0	0	1	220505	2	220505	3	72602	4	72602	1	88659	0	0	0	0
1	35	王城/圣殿	2	35	0	0	1	232626	2	232626	3	82437	4	82437	1	98110	0	0	0	0
1	36	王城/圣殿	2	36	0	0	1	255533	2	255533	3	88030	4	88030	1	107366	0	0	0	0
1	37	王城/圣殿	2	37	0	0	1	296485	2	296485	3	93442	4	93442	1	117909	0	0	0	0
1	38	王城/圣殿	2	38	0	0	1	309504	2	309504	3	118216	4	118216	1	129673	0	0	0	0
1	39	王城/圣殿	2	39	0	0	1	336250	2	336250	3	124333	4	124333	1	141554	0	0	0	0
1	40	王城/圣殿	2	40	0	0	1	349269	2	349269	3	136116	4	136116	1	154653	0	0	0	0
1	41	王城/圣殿	2	41	0	0	1	368332	2	368332	3	148900	4	148900	1	167599	0	0	0	0
1	42	王城/圣殿	2	42	0	0	1	435316	2	435316	3	160492	4	160492	1	183034	0	0	0	0
1	43	王城/圣殿	2	43	0	0	1	456177	2	456177	3	186261	4	186261	1	198291	0	0	0	0
1	44	王城/圣殿	2	44	0	0	1	476547	2	476547	3	208022	4	208022	1	214664	0	0	0	0
1	45	王城/圣殿	2	45	0	0	1	516327	2	516327	3	220505	4	220505	1	232125	0	0	0	0
1	46	王城/圣殿	2	46	0	0	1	536616	2	536616	3	232626	4	232626	1	250649	0	0	0	0
1	47	王城/圣殿	2	47	0	0	1	605976	2	605976	3	255533	4	255533	1	271412	0	0	0	0
1	48	王城/圣殿	2	48	0	0	1	651361	2	651361	3	296485	4	296485	1	291981	0	0	0	0
1	49	王城/圣殿	2	49	0	0	1	680201	2	680201	3	309504	4	309504	1	313558	0	0	0	0
1	50	王城/圣殿	2	50	0	0	1	701413	2	701413	3	336250	4	336250	1	337271	0	0	0	0
1	51	王城/圣殿	2	51	0	0	1	756190	2	756190	3	349269	4	349269	1	360805	0	0	0	0
1	52	王城/圣殿	2	52	0	0	1	848456	2	848456	3	368332	4	368332	1	387537	0	0	0	0
1	53	王城/圣殿	2	53	0	0	1	878424	2	878424	3	435316	4	435316	1	414074	0	0	0	0
1	54	王城/圣殿	2	54	0	0	1	940286	2	940286	3	456177	4	456177	1	442624	0	0	0	0
1	55	王城/圣殿	2	55	0	0	1	970264	2	970264	3	476547	4	476547	1	472072	0	0	0	0
1	56	王城/圣殿	2	56	0	0	1	999761	2	999761	3	516327	4	516327	1	503475	0	0	0	0
1	57	王城/圣殿	2	57	0	0	1	1152610	2	1152610	3	536616	4	536616	1	536793	0	0	0	0
1	58	王城/圣殿	2	58	0	0	1	1184338	2	1184338	3	605976	4	605976	1	570961	0	0	0	0
1	59	王城/圣殿	2	59	0	0	1	1223379	2	1223379	3	651361	4	651361	1	607002	0	0	0	0
1	60	王城/圣殿	2	60	0	0	1	1223379	2	1223379	3	651361	4	651361	1	607002	0	0	0	0
2	0	城墙	1	1	0	0	1	24	2	24	0	0	0	0	1	6	0	0	0	0
2	1	城墙	1	2	0	0	1	35	2	35	0	0	0	0	1	4	100	0	0	0
2	2	城墙	1	3	0	0	1	50	2	50	0	0	0	0	1	77	200	0	0	0
2	3	城墙	1	4	0	0	1	71	2	71	0	0	0	0	1	87	300	0	0	0
2	4	城墙	1	5	0	0	1	101	2	101	0	0	0	0	1	97	400	0	0	0
2	5	城墙	1	6	0	0	1	145	2	145	0	0	0	0	1	243	500	0	0	0
2	6	城墙	1	7	0	0	1	207	2	207	0	0	0	0	1	358	600	0	0	0
2	7	城墙	1	8	0	0	1	296	2	296	0	0	0	0	1	430	700	0	0	0
2	8	城墙	1	9	0	0	1	422	2	422	0	0	0	0	1	773	800	0	0	0
2	9	城墙	1	10	0	0	1	603	2	603	0	0	0	0	1	1055	900	0	0	0
2	10	城墙	1	11	0	0	1	862	2	862	0	0	0	0	1	1349	1000	0	0	0
2	11	城墙	1	12	0	0	1	1232	2	1232	0	0	0	0	1	1744	1100	0	0	0
2	12	城墙	1	13	0	0	1	1759	2	1759	0	0	0	0	1	2159	1200	0	0	0
2	13	城墙	1	14	0	0	1	2513	2	2513	0	0	0	0	1	2589	1300	0	0	0
2	14	城墙	1	15	0	0	1	3591	2	3591	0	0	0	0	1	3248	1400	0	0	0
2	15	城墙	1	16	0	0	1	5130	2	5130	0	0	0	0	1	4060	1500	0	0	0
2	16	城墙	1	17	0	0	1	7328	2	7328	0	0	0	0	1	5088	1600	0	0	0
2	17	城墙	1	18	0	0	1	10469	2	10469	0	0	0	0	1	6645	1700	0	0	0
2	18	城墙	1	19	0	0	1	14955	2	14955	0	0	0	0	1	7204	1800	0	0	0
2	19	城墙	1	20	0	0	1	21328	2	21328	0	0	0	0	1	8930	1900	0	0	0
2	20	城墙	1	21	0	0	1	24342	2	24342	3	24	4	24	1	11748	2000	0	0	0
2	21	城墙	1	22	0	0	1	28766	2	28766	3	35	4	35	1	13545	2100	0	0	0
2	22	城墙	1	23	0	0	1	36658	2	36658	3	50	4	50	1	15229	2205	0	0	0
2	23	城墙	1	24	0	0	1	39797	2	39797	3	71	4	71	1	18516	2315	0	0	0
2	24	城墙	1	25	0	0	1	45188	2	45188	3	101	4	101	1	24963	2430	0	0	0
2	25	城墙	1	26	0	0	1	48254	2	48254	3	145	4	145	1	28868	2551	0	0	0
2	26	城墙	1	27	0	0	1	51220	2	51220	3	207	4	207	1	32624	2678	0	0	0
2	27	城墙	1	28	0	0	1	64800	2	64800	3	296	4	296	1	38042	2811	0	0	0
2	28	城墙	1	29	0	0	1	68153	2	68153	3	422	4	422	1	43249	2951	0	0	0
2	29	城墙	1	30	0	0	1	74612	2	74612	3	603	4	603	1	48293	3098	0	0	0
2	30	城墙	1	31	0	0	1	81619	2	81619	3	862	4	862	1	53208	3252	0	0	0
2	31	城墙	1	32	0	0	1	87974	2	87974	3	1232	4	1232	1	59571	3414	0	0	0
2	32	城墙	1	33	0	0	1	102099	2	102099	3	1759	4	1759	1	65772	3584	0	0	0
2	33	城墙	1	34	0	0	1	114027	2	114027	3	2513	4	2513	1	73305	3763	0	0	0
2	34	城墙	1	35	0	0	1	120870	2	120870	3	3591	4	3591	1	80662	3951	0	0	0
2	35	城墙	1	36	0	0	1	127514	2	127514	3	5130	4	5130	1	89260	4148	0	0	0
2	36	城墙	1	37	0	0	1	140070	2	140070	3	7328	4	7328	1	97682	4355	0	0	0
2	37	城墙	1	38	0	0	1	162518	2	162518	3	10469	4	10469	1	107274	4572	0	0	0
2	38	城墙	1	39	0	0	1	169654	2	169654	3	14955	4	14955	1	117977	4800	0	0	0
2	39	城墙	1	40	0	0	1	184315	2	184315	3	21328	4	21328	1	128786	5040	0	0	0
2	40	城墙	1	41	0	0	1	191451	2	191451	3	24342	4	24342	1	140704	5292	0	0	0
2	41	城墙	1	42	0	0	1	201900	2	201900	3	28766	4	28766	1	152483	5556	0	0	0
2	42	城墙	1	43	0	0	1	238617	2	238617	3	36658	4	36658	1	166525	5833	0	0	0
2	43	城墙	1	44	0	0	1	250053	2	250053	3	39797	4	39797	1	180406	6124	0	0	0
2	44	城墙	1	45	0	0	1	261218	2	261218	3	45188	4	45188	1	195302	6430	0	0	0
2	45	城墙	1	46	0	0	1	283024	2	283024	3	48254	4	48254	1	211188	6751	0	0	0
2	46	城墙	1	47	0	0	1	294145	2	294145	3	51220	4	51220	1	228041	7088	0	0	0
2	47	城墙	1	48	0	0	1	332165	2	332165	3	64800	4	64800	1	246931	7442	0	0	0
2	48	城墙	1	49	0	0	1	357042	2	357042	3	68153	4	68153	1	265646	7814	0	0	0
2	49	城墙	1	50	0	0	1	372851	2	372851	3	74612	4	74612	1	285276	8204	0	0	0
2	50	城墙	1	51	0	0	1	384478	2	384478	3	81619	4	81619	1	306851	8614	0	0	0
2	51	城墙	1	52	0	0	1	414504	2	414504	3	87974	4	87974	1	328262	9044	0	0	0
2	52	城墙	1	53	0	0	1	465079	2	465079	3	102099	4	102099	1	352582	9496	0	0	0
2	53	城墙	1	54	0	0	1	481506	2	481506	3	114027	4	114027	1	376726	9970	0	0	0
2	54	城墙	1	55	0	0	1	515416	2	515416	3	120870	4	120870	1	402701	10468	0	0	0
2	55	城墙	1	56	0	0	1	531848	2	531848	3	127514	4	127514	1	429493	10991	0	0	0
2	56	城墙	1	57	0	0	1	548017	2	548017	3	140070	4	140070	1	458063	11540	0	0	0
2	57	城墙	1	58	0	0	1	631801	2	631801	3	162518	4	162518	1	488376	12117	0	0	0
2	58	城墙	1	59	0	0	1	649193	2	649193	3	169654	4	169654	1	519462	12722	0	0	0
2	59	城墙	1	60	0	0	1	670593	2	670593	3	184315	4	184315	1	552253	13358	0	0	0
2	60	城墙	1	61	0	0	1	670593	2	670593	3	184315	4	184315	1	552253	14025	0	0	0
3	0	酒馆	0	0	0	0	0	0	0	0	0	0	0	0	1	0	0	0	0	0
3	1	酒馆	0	0	0	0	0	0	0	0	0	0	0	0	1	0	0	0	0	0
4	0	市场	0	0	0	0	0	0	0	0	0	0	0	0	1	0	0	0	0	0
4	1	市场	0	0	0	0	0	0	0	0	0	0	0	0	1	0	0	0	0	0
5	0	赌场	0	0	0	0	0	0	0	0	0	0	0	0	1	0	0	0	0	0
5	1	赌场	0	0	0	0	0	0	0	0	0	0	0	0	1	0	0	0	0	0
6	0	图书馆/神圣之地	1	1	0	0	1	24	2	24	0	0	0	0	1	6	0	0	0	0
6	1	图书馆/神圣之地	1	2	0	0	1	35	2	35	0	0	0	0	1	4	0	0	0	0
6	2	图书馆/神圣之地	1	3	0	0	1	50	2	50	0	0	0	0	1	77	0	0	0	0
6	3	图书馆/神圣之地	1	4	0	0	1	71	2	71	0	0	0	0	1	87	0	0	0	0
6	4	图书馆/神圣之地	1	5	0	0	1	101	2	101	0	0	0	0	1	97	0	0	0	0
6	5	图书馆/神圣之地	1	6	0	0	1	145	2	145	0	0	0	0	1	243	0	0	0	0
6	6	图书馆/神圣之地	1	7	0	0	1	207	2	207	0	0	0	0	1	358	0	0	0	0
6	7	图书馆/神圣之地	1	8	0	0	1	296	2	296	0	0	0	0	1	430	0	0	0	0
6	8	图书馆/神圣之地	1	9	0	0	1	422	2	422	0	0	0	0	1	773	0	0	0	0
6	9	图书馆/神圣之地	1	10	0	0	1	603	2	603	0	0	0	0	1	1055	0	0	0	0
6	10	图书馆/神圣之地	1	11	0	0	1	862	2	862	0	0	0	0	1	1349	0	0	0	0
6	11	图书馆/神圣之地	1	12	0	0	1	1232	2	1232	0	0	0	0	1	1744	0	0	0	0
6	12	图书馆/神圣之地	1	13	0	0	1	1759	2	1759	0	0	0	0	1	2159	0	0	0	0
6	13	图书馆/神圣之地	1	14	0	0	1	2513	2	2513	0	0	0	0	1	2589	0	0	0	0
6	14	图书馆/神圣之地	1	15	0	0	1	3591	2	3591	0	0	0	0	1	3248	0	0	0	0
6	15	图书馆/神圣之地	1	16	0	0	1	5130	2	5130	0	0	0	0	1	4060	0	0	0	0
6	16	图书馆/神圣之地	1	17	0	0	1	7328	2	7328	0	0	0	0	1	5088	0	0	0	0
6	17	图书馆/神圣之地	1	18	0	0	1	10469	2	10469	0	0	0	0	1	6645	0	0	0	0
6	18	图书馆/神圣之地	1	19	0	0	1	14955	2	14955	0	0	0	0	1	7204	0	0	0	0
6	19	图书馆/神圣之地	1	20	0	0	1	21328	2	21328	0	0	0	0	1	8930	0	0	0	0
6	20	图书馆/神圣之地	1	21	0	0	1	24342	2	24342	3	24	4	24	1	11748	0	0	0	0
6	21	图书馆/神圣之地	1	22	0	0	1	28766	2	28766	3	35	4	35	1	13545	0	0	0	0
6	22	图书馆/神圣之地	1	23	0	0	1	36658	2	36658	3	50	4	50	1	15229	0	0	0	0
6	23	图书馆/神圣之地	1	24	0	0	1	39797	2	39797	3	71	4	71	1	18516	0	0	0	0
6	24	图书馆/神圣之地	1	25	0	0	1	45188	2	45188	3	101	4	101	1	24963	0	0	0	0
6	25	图书馆/神圣之地	1	26	0	0	1	48254	2	48254	3	145	4	145	1	28868	0	0	0	0
6	26	图书馆/神圣之地	1	27	0	0	1	51220	2	51220	3	207	4	207	1	32624	0	0	0	0
6	27	图书馆/神圣之地	1	28	0	0	1	64800	2	64800	3	296	4	296	1	38042	0	0	0	0
6	28	图书馆/神圣之地	1	29	0	0	1	68153	2	68153	3	422	4	422	1	43249	0	0	0	0
6	29	图书馆/神圣之地	1	30	0	0	1	74612	2	74612	3	603	4	603	1	48293	0	0	0	0
6	30	图书馆/神圣之地	1	31	0	0	1	81619	2	81619	3	862	4	862	1	53208	0	0	0	0
6	31	图书馆/神圣之地	1	32	0	0	1	87974	2	87974	3	1232	4	1232	1	59571	0	0	0	0
6	32	图书馆/神圣之地	1	33	0	0	1	102099	2	102099	3	1759	4	1759	1	65772	0	0	0	0
6	33	图书馆/神圣之地	1	34	0	0	1	114027	2	114027	3	2513	4	2513	1	73305	0	0	0	0
6	34	图书馆/神圣之地	1	35	0	0	1	120870	2	120870	3	3591	4	3591	1	80662	0	0	0	0
6	35	图书馆/神圣之地	1	36	0	0	1	127514	2	127514	3	5130	4	5130	1	89260	0	0	0	0
6	36	图书馆/神圣之地	1	37	0	0	1	140070	2	140070	3	7328	4	7328	1	97682	0	0	0	0
6	37	图书馆/神圣之地	1	38	0	0	1	162518	2	162518	3	10469	4	10469	1	107274	0	0	0	0
6	38	图书馆/神圣之地	1	39	0	0	1	169654	2	169654	3	14955	4	14955	1	117977	0	0	0	0
6	39	图书馆/神圣之地	1	40	0	0	1	184315	2	184315	3	21328	4	21328	1	128786	0	0	0	0
6	40	图书馆/神圣之地	1	41	0	0	1	191451	2	191451	3	24342	4	24342	1	140704	0	0	0	0
6	41	图书馆/神圣之地	1	42	0	0	1	201900	2	201900	3	28766	4	28766	1	152483	0	0	0	0
6	42	图书馆/神圣之地	1	43	0	0	1	238617	2	238617	3	36658	4	36658	1	166525	0	0	0	0
6	43	图书馆/神圣之地	1	44	0	0	1	250053	2	250053	3	39797	4	39797	1	180406	0	0	0	0
6	44	图书馆/神圣之地	1	45	0	0	1	261218	2	261218	3	45188	4	45188	1	195302	0	0	0	0
6	45	图书馆/神圣之地	1	46	0	0	1	283024	2	283024	3	48254	4	48254	1	211188	0	0	0	0
6	46	图书馆/神圣之地	1	47	0	0	1	294145	2	294145	3	51220	4	51220	1	228041	0	0	0	0
6	47	图书馆/神圣之地	1	48	0	0	1	332165	2	332165	3	64800	4	64800	1	246931	0	0	0	0
6	48	图书馆/神圣之地	1	49	0	0	1	357042	2	357042	3	68153	4	68153	1	265646	0	0	0	0
6	49	图书馆/神圣之地	1	50	0	0	1	372851	2	372851	3	74612	4	74612	1	285276	0	0	0	0
6	50	图书馆/神圣之地	1	51	0	0	1	384478	2	384478	3	81619	4	81619	1	306851	0	0	0	0
6	51	图书馆/神圣之地	1	52	0	0	1	414504	2	414504	3	87974	4	87974	1	328262	0	0	0	0
6	52	图书馆/神圣之地	1	53	0	0	1	465079	2	465079	3	102099	4	102099	1	352582	0	0	0	0
6	53	图书馆/神圣之地	1	54	0	0	1	481506	2	481506	3	114027	4	114027	1	376726	0	0	0	0
6	54	图书馆/神圣之地	1	55	0	0	1	515416	2	515416	3	120870	4	120870	1	402701	0	0	0	0
6	55	图书馆/神圣之地	1	56	0	0	1	531848	2	531848	3	127514	4	127514	1	429493	0	0	0	0
6	56	图书馆/神圣之地	1	57	0	0	1	548017	2	548017	3	140070	4	140070	1	458063	0	0	0	0
6	57	图书馆/神圣之地	1	58	0	0	1	631801	2	631801	3	162518	4	162518	1	488376	0	0	0	0
6	58	图书馆/神圣之地	1	59	0	0	1	649193	2	649193	3	169654	4	169654	1	519462	0	0	0	0
6	59	图书馆/神圣之地	1	60	0	0	1	670593	2	670593	3	184315	4	184315	1	552253	0	0	0	0
6	60	图书馆/神圣之地	1	61	0	0	1	670593	2	670593	3	184315	4	184315	1	552253	0	0	0	0
7	0	许愿池/祭坛	1	1	0	0	1	24	2	24	0	0	0	0	1	6	0	0	0	0
7	1	许愿池/祭坛	1	2	0	0	1	35	2	35	0	0	0	0	1	4	1000	5	0	0
7	2	许愿池/祭坛	1	3	0	0	1	50	2	50	0	0	0	0	1	77	1500	5	0	0
7	3	许愿池/祭坛	1	4	0	0	1	71	2	71	0	0	0	0	1	87	2000	5	0	0
7	4	许愿池/祭坛	1	5	0	0	1	101	2	101	0	0	0	0	1	97	2500	5	0	0
7	5	许愿池/祭坛	1	6	0	0	1	145	2	145	0	0	0	0	1	243	3000	5	0	0
7	6	许愿池/祭坛	1	7	0	0	1	207	2	207	0	0	0	0	1	358	3500	5	0	0
7	7	许愿池/祭坛	1	8	0	0	1	296	2	296	0	0	0	0	1	430	4000	5	0	0
7	8	许愿池/祭坛	1	9	0	0	1	422	2	422	0	0	0	0	1	773	4500	5	0	0
7	9	许愿池/祭坛	1	10	0	0	1	603	2	603	0	0	0	0	1	1055	5000	5	0	0
7	10	许愿池/祭坛	1	11	0	0	1	862	2	862	0	0	0	0	1	1349	5500	6	0	0
7	11	许愿池/祭坛	1	12	0	0	1	1232	2	1232	0	0	0	0	1	1744	6018	6	0	0
7	12	许愿池/祭坛	1	13	0	0	1	1759	2	1759	0	0	0	0	1	2159	6576	6	0	0
7	13	许愿池/祭坛	1	14	0	0	1	2513	2	2513	0	0	0	0	1	2589	7177	6	0	0
7	14	许愿池/祭坛	1	15	0	0	1	3591	2	3591	0	0	0	0	1	3248	7822	6	0	0
7	15	许愿池/祭坛	1	16	0	0	1	5130	2	5130	0	0	0	0	1	4060	8514	6	0	0
7	16	许愿池/祭坛	1	17	0	0	1	7328	2	7328	0	0	0	0	1	5088	9255	6	0	0
7	17	许愿池/祭坛	1	18	0	0	1	10469	2	10469	0	0	0	0	1	6645	10048	6	0	0
7	18	许愿池/祭坛	1	19	0	0	1	14955	2	14955	0	0	0	0	1	7204	10894	6	0	0
7	19	许愿池/祭坛	1	20	0	0	1	21328	2	21328	0	0	0	0	1	8930	11796	6	0	0
7	20	许愿池/祭坛	1	21	0	0	1	24342	2	24342	3	24	4	24	1	11748	12756	7	0	0
7	21	许愿池/祭坛	1	22	0	0	1	28766	2	28766	3	35	4	35	1	13545	13776	7	0	0
7	22	许愿池/祭坛	1	23	0	0	1	36658	2	36658	3	50	4	50	1	15229	14858	7	0	0
7	23	许愿池/祭坛	1	24	0	0	1	39797	2	39797	3	71	4	71	1	18516	16004	7	0	0
7	24	许愿池/祭坛	1	25	0	0	1	45188	2	45188	3	101	4	101	1	24963	17215	7	0	0
7	25	许愿池/祭坛	1	26	0	0	1	48254	2	48254	3	145	4	145	1	28868	18493	7	0	0
7	26	许愿池/祭坛	1	27	0	0	1	51220	2	51220	3	207	4	207	1	32624	19840	7	0	0
7	27	许愿池/祭坛	1	28	0	0	1	64800	2	64800	3	296	4	296	1	38042	21257	7	0	0
7	28	许愿池/祭坛	1	29	0	0	1	68153	2	68153	3	422	4	422	1	43249	22744	7	0	0
7	29	许愿池/祭坛	1	30	0	0	1	74612	2	74612	3	603	4	603	1	48293	24303	7	0	0
7	30	许愿池/祭坛	1	31	0	0	1	81619	2	81619	3	862	4	862	1	53208	25934	7	0	0
7	31	许愿池/祭坛	1	32	0	0	1	87974	2	87974	3	1232	4	1232	1	59571	27638	7	0	0
7	32	许愿池/祭坛	1	33	0	0	1	102099	2	102099	3	1759	4	1759	1	65772	29414	7	0	0
7	33	许愿池/祭坛	1	34	0	0	1	114027	2	114027	3	2513	4	2513	1	73305	31262	7	0	0
7	34	许愿池/祭坛	1	35	0	0	1	120870	2	120870	3	3591	4	3591	1	80662	33182	7	0	0
7	35	许愿池/祭坛	1	36	0	0	1	127514	2	127514	3	5130	4	5130	1	89260	35172	7	0	0
7	36	许愿池/祭坛	1	37	0	0	1	140070	2	140070	3	7328	4	7328	1	97682	37232	7	0	0
7	37	许愿池/祭坛	1	38	0	0	1	162518	2	162518	3	10469	4	10469	1	107274	39359	7	0	0
7	38	许愿池/祭坛	1	39	0	0	1	169654	2	169654	3	14955	4	14955	1	117977	41551	7	0	0
7	39	许愿池/祭坛	1	40	0	0	1	184315	2	184315	3	21328	4	21328	1	128786	43806	7	0	0
7	40	许愿池/祭坛	1	41	0	0	1	191451	2	191451	3	24342	4	24342	1	140704	46121	7	0	0
7	41	许愿池/祭坛	1	42	0	0	1	201900	2	201900	3	28766	4	28766	1	152483	48492	7	0	0
7	42	许愿池/祭坛	1	43	0	0	1	238617	2	238617	3	36658	4	36658	1	166525	50916	7	0	0
7	43	许愿池/祭坛	1	44	0	0	1	250053	2	250053	3	39797	4	39797	1	180406	53389	7	0	0
7	44	许愿池/祭坛	1	45	0	0	1	261218	2	261218	3	45188	4	45188	1	195302	55905	7	0	0
7	45	许愿池/祭坛	1	46	0	0	1	283024	2	283024	3	48254	4	48254	1	211188	58460	7	0	0
7	46	许愿池/祭坛	1	47	0	0	1	294145	2	294145	3	51220	4	51220	1	228041	61048	7	0	0
7	47	许愿池/祭坛	1	48	0	0	1	332165	2	332165	3	64800	4	64800	1	246931	63664	7	0	0
7	48	许愿池/祭坛	1	49	0	0	1	357042	2	357042	3	68153	4	68153	1	265646	66301	7	0	0
7	49	许愿池/祭坛	1	50	0	0	1	372851	2	372851	3	74612	4	74612	1	285276	68953	7	0	0
7	50	许愿池/祭坛	1	51	0	0	1	384478	2	384478	3	81619	4	81619	1	306851	71612	7	0	0
7	51	许愿池/祭坛	1	52	0	0	1	414504	2	414504	3	87974	4	87974	1	328262	74271	7	0	0
7	52	许愿池/祭坛	1	53	0	0	1	465079	2	465079	3	102099	4	102099	1	352582	76923	7	0	0
7	53	许愿池/祭坛	1	54	0	0	1	481506	2	481506	3	114027	4	114027	1	376726	79560	7	0	0
7	54	许愿池/祭坛	1	55	0	0	1	515416	2	515416	3	120870	4	120870	1	402701	82174	7	0	0
7	55	许愿池/祭坛	1	56	0	0	1	531848	2	531848	3	127514	4	127514	1	429493	84756	7	0	0
7	56	许愿池/祭坛	1	57	0	0	1	548017	2	548017	3	140070	4	140070	1	458063	87298	7	0	0
7	57	许愿池/祭坛	1	58	0	0	1	631801	2	631801	3	162518	4	162518	1	488376	89792	7	0	0
7	58	许愿池/祭坛	1	59	0	0	1	649193	2	649193	3	169654	4	169654	1	519462	92229	7	0	0
7	59	许愿池/祭坛	1	60	0	0	1	670593	2	670593	3	184315	4	184315	1	552253	94600	7	0	0
7	60	许愿池/祭坛	1	61	0	0	1	670593	2	670593	3	184315	4	184315	1	552253	96897	7	0	0
8	0	大使馆/幽堂	1	1	0	0	1	24	2	24	0	0	0	0	1	6	0	0	0	0
8	1	大使馆/幽堂	1	2	0	0	1	35	2	35	0	0	0	0	1	4	1000	0	0	0
8	2	大使馆/幽堂	1	3	0	0	1	50	2	50	0	0	0	0	1	77	2000	0	0	0
8	3	大使馆/幽堂	1	4	0	0	1	71	2	71	0	0	0	0	1	87	3000	0	0	0
8	4	大使馆/幽堂	1	5	0	0	1	101	2	101	0	0	0	0	1	97	4000	0	0	0
8	5	大使馆/幽堂	1	6	0	0	1	145	2	145	0	0	0	0	1	243	5000	0	0	0
8	6	大使馆/幽堂	1	7	0	0	1	207	2	207	0	0	0	0	1	358	6000	0	0	0
8	7	大使馆/幽堂	1	8	0	0	1	296	2	296	0	0	0	0	1	430	7000	0	0	0
8	8	大使馆/幽堂	1	9	0	0	1	422	2	422	0	0	0	0	1	773	8000	0	0	0
8	9	大使馆/幽堂	1	10	0	0	1	603	2	603	0	0	0	0	1	1055	9000	0	0	0
8	10	大使馆/幽堂	1	11	0	0	1	862	2	862	0	0	0	0	1	1349	10000	0	0	0
8	11	大使馆/幽堂	1	12	0	0	1	1232	2	1232	0	0	0	0	1	1744	11000	0	0	0
8	12	大使馆/幽堂	1	13	0	0	1	1759	2	1759	0	0	0	0	1	2159	12000	0	0	0
8	13	大使馆/幽堂	1	14	0	0	1	2513	2	2513	0	0	0	0	1	2589	13000	0	0	0
8	14	大使馆/幽堂	1	15	0	0	1	3591	2	3591	0	0	0	0	1	3248	14000	0	0	0
8	15	大使馆/幽堂	1	16	0	0	1	5130	2	5130	0	0	0	0	1	4060	15000	0	0	0
8	16	大使馆/幽堂	1	17	0	0	1	7328	2	7328	0	0	0	0	1	5088	16000	0	0	0
8	17	大使馆/幽堂	1	18	0	0	1	10469	2	10469	0	0	0	0	1	6645	17000	0	0	0
8	18	大使馆/幽堂	1	19	0	0	1	14955	2	14955	0	0	0	0	1	7204	18000	0	0	0
8	19	大使馆/幽堂	1	20	0	0	1	21328	2	21328	0	0	0	0	1	8930	19000	0	0	0
8	20	大使馆/幽堂	1	21	0	0	1	24342	2	24342	3	24	4	24	1	11748	20000	0	0	0
8	21	大使馆/幽堂	1	22	0	0	1	28766	2	28766	3	35	4	35	1	13545	21000	0	0	0
8	22	大使馆/幽堂	1	23	0	0	1	36658	2	36658	3	50	4	50	1	15229	22000	0	0	0
8	23	大使馆/幽堂	1	24	0	0	1	39797	2	39797	3	71	4	71	1	18516	23000	0	0	0
8	24	大使馆/幽堂	1	25	0	0	1	45188	2	45188	3	101	4	101	1	24963	24000	0	0	0
8	25	大使馆/幽堂	1	26	0	0	1	48254	2	48254	3	145	4	145	1	28868	25000	0	0	0
8	26	大使馆/幽堂	1	27	0	0	1	51220	2	51220	3	207	4	207	1	32624	26000	0	0	0
8	27	大使馆/幽堂	1	28	0	0	1	64800	2	64800	3	296	4	296	1	38042	27000	0	0	0
8	28	大使馆/幽堂	1	29	0	0	1	68153	2	68153	3	422	4	422	1	43249	28000	0	0	0
8	29	大使馆/幽堂	1	30	0	0	1	74612	2	74612	3	603	4	603	1	48293	29000	0	0	0
8	30	大使馆/幽堂	1	31	0	0	1	81619	2	81619	3	862	4	862	1	53208	30000	0	0	0
8	31	大使馆/幽堂	1	32	0	0	1	87974	2	87974	3	1232	4	1232	1	59571	31000	0	0	0
8	32	大使馆/幽堂	1	33	0	0	1	102099	2	102099	3	1759	4	1759	1	65772	32000	0	0	0
8	33	大使馆/幽堂	1	34	0	0	1	114027	2	114027	3	2513	4	2513	1	73305	33000	0	0	0
8	34	大使馆/幽堂	1	35	0	0	1	120870	2	120870	3	3591	4	3591	1	80662	34000	0	0	0
8	35	大使馆/幽堂	1	36	0	0	1	127514	2	127514	3	5130	4	5130	1	89260	35000	0	0	0
8	36	大使馆/幽堂	1	37	0	0	1	140070	2	140070	3	7328	4	7328	1	97682	36000	0	0	0
8	37	大使馆/幽堂	1	38	0	0	1	162518	2	162518	3	10469	4	10469	1	107274	37000	0	0	0
8	38	大使馆/幽堂	1	39	0	0	1	169654	2	169654	3	14955	4	14955	1	117977	38000	0	0	0
8	39	大使馆/幽堂	1	40	0	0	1	184315	2	184315	3	21328	4	21328	1	128786	39000	0	0	0
8	40	大使馆/幽堂	1	41	0	0	1	191451	2	191451	3	24342	4	24342	1	140704	40000	0	0	0
8	41	大使馆/幽堂	1	42	0	0	1	201900	2	201900	3	28766	4	28766	1	152483	41000	0	0	0
8	42	大使馆/幽堂	1	43	0	0	1	238617	2	238617	3	36658	4	36658	1	166525	42000	0	0	0
8	43	大使馆/幽堂	1	44	0	0	1	250053	2	250053	3	39797	4	39797	1	180406	43000	0	0	0
8	44	大使馆/幽堂	1	45	0	0	1	261218	2	261218	3	45188	4	45188	1	195302	44000	0	0	0
8	45	大使馆/幽堂	1	46	0	0	1	283024	2	283024	3	48254	4	48254	1	211188	45000	0	0	0
8	46	大使馆/幽堂	1	47	0	0	1	294145	2	294145	3	51220	4	51220	1	228041	46000	0	0	0
8	47	大使馆/幽堂	1	48	0	0	1	332165	2	332165	3	64800	4	64800	1	246931	47000	0	0	0
8	48	大使馆/幽堂	1	49	0	0	1	357042	2	357042	3	68153	4	68153	1	265646	48000	0	0	0
8	49	大使馆/幽堂	1	50	0	0	1	372851	2	372851	3	74612	4	74612	1	285276	49000	0	0	0
8	50	大使馆/幽堂	1	51	0	0	1	384478	2	384478	3	81619	4	81619	1	306851	50000	0	0	0
8	51	大使馆/幽堂	1	52	0	0	1	414504	2	414504	3	87974	4	87974	1	328262	51000	0	0	0
8	52	大使馆/幽堂	1	53	0	0	1	465079	2	465079	3	102099	4	102099	1	352582	52000	0	0	0
8	53	大使馆/幽堂	1	54	0	0	1	481506	2	481506	3	114027	4	114027	1	376726	53000	0	0	0
8	54	大使馆/幽堂	1	55	0	0	1	515416	2	515416	3	120870	4	120870	1	402701	54000	0	0	0
8	55	大使馆/幽堂	1	56	0	0	1	531848	2	531848	3	127514	4	127514	1	429493	55000	0	0	0
8	56	大使馆/幽堂	1	57	0	0	1	548017	2	548017	3	140070	4	140070	1	458063	56000	0	0	0
8	57	大使馆/幽堂	1	58	0	0	1	631801	2	631801	3	162518	4	162518	1	488376	57000	0	0	0
8	58	大使馆/幽堂	1	59	0	0	1	649193	2	649193	3	169654	4	169654	1	519462	58000	0	0	0
8	59	大使馆/幽堂	1	60	0	0	1	670593	2	670593	3	184315	4	184315	1	552253	59000	0	0	0
8	60	大使馆/幽堂	1	61	0	0	1	670593	2	670593	3	184315	4	184315	1	552253	60000	0	0	0
9	0	铁匠铺	1	1	0	0	1	24	2	24	0	0	0	0	1	6	0	0	0	0
9	1	铁匠铺	1	2	0	0	1	35	2	35	0	0	0	0	1	4	5	0	0	0
9	2	铁匠铺	1	3	0	0	1	50	2	50	0	0	0	0	1	77	5	0	0	0
9	3	铁匠铺	1	4	0	0	1	71	2	71	0	0	0	0	1	87	5	0	0	0
9	4	铁匠铺	1	5	0	0	1	101	2	101	0	0	0	0	1	97	5	0	0	0
9	5	铁匠铺	1	6	0	0	1	145	2	145	0	0	0	0	1	243	5	0	0	0
9	6	铁匠铺	1	7	0	0	1	207	2	207	0	0	0	0	1	358	10	0	0	0
9	7	铁匠铺	1	8	0	0	1	296	2	296	0	0	0	0	1	430	10	0	0	0
9	8	铁匠铺	1	9	0	0	1	422	2	422	0	0	0	0	1	773	10	0	0	0
9	9	铁匠铺	1	10	0	0	1	603	2	603	0	0	0	0	1	1055	10	0	0	0
9	10	铁匠铺	1	11	0	0	1	862	2	862	0	0	0	0	1	1349	10	0	0	0
9	11	铁匠铺	1	12	0	0	1	1232	2	1232	0	0	0	0	1	1744	15	0	0	0
9	12	铁匠铺	1	13	0	0	1	1759	2	1759	0	0	0	0	1	2159	15	0	0	0
9	13	铁匠铺	1	14	0	0	1	2513	2	2513	0	0	0	0	1	2589	15	0	0	0
9	14	铁匠铺	1	15	0	0	1	3591	2	3591	0	0	0	0	1	3248	15	0	0	0
9	15	铁匠铺	1	16	0	0	1	5130	2	5130	0	0	0	0	1	4060	15	0	0	0
9	16	铁匠铺	1	17	0	0	1	7328	2	7328	0	0	0	0	1	5088	20	0	0	0
9	17	铁匠铺	1	18	0	0	1	10469	2	10469	0	0	0	0	1	6645	20	0	0	0
9	18	铁匠铺	1	19	0	0	1	14955	2	14955	0	0	0	0	1	7204	20	0	0	0
9	19	铁匠铺	1	20	0	0	1	21328	2	21328	0	0	0	0	1	8930	20	0	0	0
9	20	铁匠铺	1	21	0	0	1	24342	2	24342	3	24	4	24	1	11748	20	0	0	0
9	21	铁匠铺	1	22	0	0	1	28766	2	28766	3	35	4	35	1	13545	25	0	0	0
9	22	铁匠铺	1	23	0	0	1	36658	2	36658	3	50	4	50	1	15229	25	0	0	0
9	23	铁匠铺	1	24	0	0	1	39797	2	39797	3	71	4	71	1	18516	25	0	0	0
9	24	铁匠铺	1	25	0	0	1	45188	2	45188	3	101	4	101	1	24963	25	0	0	0
9	25	铁匠铺	1	26	0	0	1	48254	2	48254	3	145	4	145	1	28868	25	0	0	0
9	26	铁匠铺	1	27	0	0	1	51220	2	51220	3	207	4	207	1	32624	30	0	0	0
9	27	铁匠铺	1	28	0	0	1	64800	2	64800	3	296	4	296	1	38042	30	0	0	0
9	28	铁匠铺	1	29	0	0	1	68153	2	68153	3	422	4	422	1	43249	30	0	0	0
9	29	铁匠铺	1	30	0	0	1	74612	2	74612	3	603	4	603	1	48293	30	0	0	0
9	30	铁匠铺	1	31	0	0	1	81619	2	81619	3	862	4	862	1	53208	30	0	0	0
9	31	铁匠铺	1	32	0	0	1	87974	2	87974	3	1232	4	1232	1	59571	35	0	0	0
9	32	铁匠铺	1	33	0	0	1	102099	2	102099	3	1759	4	1759	1	65772	35	0	0	0
9	33	铁匠铺	1	34	0	0	1	114027	2	114027	3	2513	4	2513	1	73305	35	0	0	0
9	34	铁匠铺	1	35	0	0	1	120870	2	120870	3	3591	4	3591	1	80662	35	0	0	0
9	35	铁匠铺	1	36	0	0	1	127514	2	127514	3	5130	4	5130	1	89260	35	0	0	0
9	36	铁匠铺	1	37	0	0	1	140070	2	140070	3	7328	4	7328	1	97682	40	0	0	0
9	37	铁匠铺	1	38	0	0	1	162518	2	162518	3	10469	4	10469	1	107274	40	0	0	0
9	38	铁匠铺	1	39	0	0	1	169654	2	169654	3	14955	4	14955	1	117977	40	0	0	0
9	39	铁匠铺	1	40	0	0	1	184315	2	184315	3	21328	4	21328	1	128786	40	0	0	0
9	40	铁匠铺	1	41	0	0	1	191451	2	191451	3	24342	4	24342	1	140704	40	0	0	0
9	41	铁匠铺	1	42	0	0	1	201900	2	201900	3	28766	4	28766	1	152483	45	0	0	0
9	42	铁匠铺	1	43	0	0	1	238617	2	238617	3	36658	4	36658	1	166525	45	0	0	0
9	43	铁匠铺	1	44	0	0	1	250053	2	250053	3	39797	4	39797	1	180406	45	0	0	0
9	44	铁匠铺	1	45	0	0	1	261218	2	261218	3	45188	4	45188	1	195302	45	0	0	0
9	45	铁匠铺	1	46	0	0	1	283024	2	283024	3	48254	4	48254	1	211188	45	0	0	0
9	46	铁匠铺	1	47	0	0	1	294145	2	294145	3	51220	4	51220	1	228041	50	0	0	0
9	47	铁匠铺	1	48	0	0	1	332165	2	332165	3	64800	4	64800	1	246931	50	0	0	0
9	48	铁匠铺	1	49	0	0	1	357042	2	357042	3	68153	4	68153	1	265646	50	0	0	0
9	49	铁匠铺	1	50	0	0	1	372851	2	372851	3	74612	4	74612	1	285276	50	0	0	0
9	50	铁匠铺	1	51	0	0	1	384478	2	384478	3	81619	4	81619	1	306851	50	0	0	0
9	51	铁匠铺	1	52	0	0	1	414504	2	414504	3	87974	4	87974	1	328262	55	0	0	0
9	52	铁匠铺	1	53	0	0	1	465079	2	465079	3	102099	4	102099	1	352582	55	0	0	0
9	53	铁匠铺	1	54	0	0	1	481506	2	481506	3	114027	4	114027	1	376726	55	0	0	0
9	54	铁匠铺	1	55	0	0	1	515416	2	515416	3	120870	4	120870	1	402701	55	0	0	0
9	55	铁匠铺	1	56	0	0	1	531848	2	531848	3	127514	4	127514	1	429493	55	0	0	0
9	56	铁匠铺	1	57	0	0	1	548017	2	548017	3	140070	4	140070	1	458063	60	0	0	0
9	57	铁匠铺	1	58	0	0	1	631801	2	631801	3	162518	4	162518	1	488376	60	0	0	0
9	58	铁匠铺	1	59	0	0	1	649193	2	649193	3	169654	4	169654	1	519462	60	0	0	0
9	59	铁匠铺	1	60	0	0	1	670593	2	670593	3	184315	4	184315	1	552253	60	0	0	0
9	60	铁匠铺	1	61	0	0	1	670593	2	670593	3	184315	4	184315	1	552253	60	0	0	0
10	0	校场/检阅场	1	1	0	0	1	24	2	24	0	0	0	0	1	6	0	0	0	0
10	1	校场/检阅场	1	2	0	0	1	35	2	35	0	0	0	0	1	4	3000	0	0	0
10	2	校场/检阅场	1	3	0	0	1	50	2	50	0	0	0	0	1	77	6000	0	0	0
10	3	校场/检阅场	1	4	0	0	1	71	2	71	0	0	0	0	1	87	9000	0	0	0
10	4	校场/检阅场	1	5	0	0	1	101	2	101	0	0	0	0	1	97	12000	0	0	0
10	5	校场/检阅场	1	6	0	0	1	145	2	145	0	0	0	0	1	243	15000	0	0	0
10	6	校场/检阅场	1	7	0	0	1	207	2	207	0	0	0	0	1	358	18000	0	0	0
10	7	校场/检阅场	1	8	0	0	1	296	2	296	0	0	0	0	1	430	21000	0	0	0
10	8	校场/检阅场	1	9	0	0	1	422	2	422	0	0	0	0	1	773	24000	0	0	0
10	9	校场/检阅场	1	10	0	0	1	603	2	603	0	0	0	0	1	1055	27000	0	0	0
10	10	校场/检阅场	1	11	0	0	1	862	2	862	0	0	0	0	1	1349	30000	0	0	0
10	11	校场/检阅场	1	12	0	0	1	1232	2	1232	0	0	0	0	1	1744	33000	0	0	0
10	12	校场/检阅场	1	13	0	0	1	1759	2	1759	0	0	0	0	1	2159	36000	0	0	0
10	13	校场/检阅场	1	14	0	0	1	2513	2	2513	0	0	0	0	1	2589	39000	0	0	0
10	14	校场/检阅场	1	15	0	0	1	3591	2	3591	0	0	0	0	1	3248	42000	0	0	0
10	15	校场/检阅场	1	16	0	0	1	5130	2	5130	0	0	0	0	1	4060	45000	0	0	0
10	16	校场/检阅场	1	17	0	0	1	7328	2	7328	0	0	0	0	1	5088	48000	0	0	0
10	17	校场/检阅场	1	18	0	0	1	10469	2	10469	0	0	0	0	1	6645	51000	0	0	0
10	18	校场/检阅场	1	19	0	0	1	14955	2	14955	0	0	0	0	1	7204	54000	0	0	0
10	19	校场/检阅场	1	20	0	0	1	21328	2	21328	0	0	0	0	1	8930	57000	0	0	0
10	20	校场/检阅场	1	21	0	0	1	24342	2	24342	3	24	4	24	1	11748	60000	0	0	0
10	21	校场/检阅场	1	22	0	0	1	28766	2	28766	3	35	4	35	1	13545	63000	0	0	0
10	22	校场/检阅场	1	23	0	0	1	36658	2	36658	3	50	4	50	1	15229	66000	0	0	0
10	23	校场/检阅场	1	24	0	0	1	39797	2	39797	3	71	4	71	1	18516	69000	0	0	0
10	24	校场/检阅场	1	25	0	0	1	45188	2	45188	3	101	4	101	1	24963	72000	0	0	0
10	25	校场/检阅场	1	26	0	0	1	48254	2	48254	3	145	4	145	1	28868	75000	0	0	0
10	26	校场/检阅场	1	27	0	0	1	51220	2	51220	3	207	4	207	1	32624	78000	0	0	0
10	27	校场/检阅场	1	28	0	0	1	64800	2	64800	3	296	4	296	1	38042	81000	0	0	0
10	28	校场/检阅场	1	29	0	0	1	68153	2	68153	3	422	4	422	1	43249	84000	0	0	0
10	29	校场/检阅场	1	30	0	0	1	74612	2	74612	3	603	4	603	1	48293	87000	0	0	0
10	30	校场/检阅场	1	31	0	0	1	81619	2	81619	3	862	4	862	1	53208	90000	0	0	0
10	31	校场/检阅场	1	32	0	0	1	87974	2	87974	3	1232	4	1232	1	59571	93000	0	0	0
10	32	校场/检阅场	1	33	0	0	1	102099	2	102099	3	1759	4	1759	1	65772	96000	0	0	0
10	33	校场/检阅场	1	34	0	0	1	114027	2	114027	3	2513	4	2513	1	73305	99000	0	0	0
10	34	校场/检阅场	1	35	0	0	1	120870	2	120870	3	3591	4	3591	1	80662	102000	0	0	0
10	35	校场/检阅场	1	36	0	0	1	127514	2	127514	3	5130	4	5130	1	89260	105000	0	0	0
10	36	校场/检阅场	1	37	0	0	1	140070	2	140070	3	7328	4	7328	1	97682	108000	0	0	0
10	37	校场/检阅场	1	38	0	0	1	162518	2	162518	3	10469	4	10469	1	107274	111000	0	0	0
10	38	校场/检阅场	1	39	0	0	1	169654	2	169654	3	14955	4	14955	1	117977	114000	0	0	0
10	39	校场/检阅场	1	40	0	0	1	184315	2	184315	3	21328	4	21328	1	128786	117000	0	0	0
10	40	校场/检阅场	1	41	0	0	1	191451	2	191451	3	24342	4	24342	1	140704	120000	0	0	0
10	41	校场/检阅场	1	42	0	0	1	201900	2	201900	3	28766	4	28766	1	152483	123000	0	0	0
10	42	校场/检阅场	1	43	0	0	1	238617	2	238617	3	36658	4	36658	1	166525	126000	0	0	0
10	43	校场/检阅场	1	44	0	0	1	250053	2	250053	3	39797	4	39797	1	180406	129000	0	0	0
10	44	校场/检阅场	1	45	0	0	1	261218	2	261218	3	45188	4	45188	1	195302	132000	0	0	0
10	45	校场/检阅场	1	46	0	0	1	283024	2	283024	3	48254	4	48254	1	211188	135000	0	0	0
10	46	校场/检阅场	1	47	0	0	1	294145	2	294145	3	51220	4	51220	1	228041	138000	0	0	0
10	47	校场/检阅场	1	48	0	0	1	332165	2	332165	3	64800	4	64800	1	246931	141000	0	0	0
10	48	校场/检阅场	1	49	0	0	1	357042	2	357042	3	68153	4	68153	1	265646	144000	0	0	0
10	49	校场/检阅场	1	50	0	0	1	372851	2	372851	3	74612	4	74612	1	285276	147000	0	0	0
10	50	校场/检阅场	1	51	0	0	1	384478	2	384478	3	81619	4	81619	1	306851	150000	0	0	0
10	51	校场/检阅场	1	52	0	0	1	414504	2	414504	3	87974	4	87974	1	328262	153000	0	0	0
10	52	校场/检阅场	1	53	0	0	1	465079	2	465079	3	102099	4	102099	1	352582	156000	0	0	0
10	53	校场/检阅场	1	54	0	0	1	481506	2	481506	3	114027	4	114027	1	376726	159000	0	0	0
10	54	校场/检阅场	1	55	0	0	1	515416	2	515416	3	120870	4	120870	1	402701	162000	0	0	0
10	55	校场/检阅场	1	56	0	0	1	531848	2	531848	3	127514	4	127514	1	429493	165000	0	0	0
10	56	校场/检阅场	1	57	0	0	1	548017	2	548017	3	140070	4	140070	1	458063	168000	0	0	0
10	57	校场/检阅场	1	58	0	0	1	631801	2	631801	3	162518	4	162518	1	488376	171000	0	0	0
10	58	校场/检阅场	1	59	0	0	1	649193	2	649193	3	169654	4	169654	1	519462	174000	0	0	0
10	59	校场/检阅场	1	60	0	0	1	670593	2	670593	3	184315	4	184315	1	552253	177000	0	0	0
10	60	校场/检阅场	1	61	0	0	1	670593	2	670593	3	184315	4	184315	1	552253	180000	0	0	0
11	0	仓库/地窖	1	1	0	0	1	24	2	24	0	0	0	0	1	6	0	0	0	0
11	1	仓库/地窖	1	2	0	0	1	35	2	35	0	0	0	0	1	4	20000	0	0	0
11	2	仓库/地窖	1	3	0	0	1	50	2	50	0	0	0	0	1	77	30000	0	0	0
11	3	仓库/地窖	1	4	0	0	1	71	2	71	0	0	0	0	1	87	40000	0	0	0
11	4	仓库/地窖	1	5	0	0	1	101	2	101	0	0	0	0	1	97	50000	0	0	0
11	5	仓库/地窖	1	6	0	0	1	145	2	145	0	0	0	0	1	243	60000	0	0	0
11	6	仓库/地窖	1	7	0	0	1	207	2	207	0	0	0	0	1	358	70000	0	0	0
11	7	仓库/地窖	1	8	0	0	1	296	2	296	0	0	0	0	1	430	80000	0	0	0
11	8	仓库/地窖	1	9	0	0	1	422	2	422	0	0	0	0	1	773	90000	0	0	0
11	9	仓库/地窖	1	10	0	0	1	603	2	603	0	0	0	0	1	1055	100000	0	0	0
11	10	仓库/地窖	1	11	0	0	1	862	2	862	0	0	0	0	1	1349	110000	0	0	0
11	11	仓库/地窖	1	12	0	0	1	1232	2	1232	0	0	0	0	1	1744	120360	0	0	0
11	12	仓库/地窖	1	13	0	0	1	1759	2	1759	0	0	0	0	1	2159	131520	0	0	0
11	13	仓库/地窖	1	14	0	0	1	2513	2	2513	0	0	0	0	1	2589	143540	0	0	0
11	14	仓库/地窖	1	15	0	0	1	3591	2	3591	0	0	0	0	1	3248	156440	0	0	0
11	15	仓库/地窖	1	16	0	0	1	5130	2	5130	0	0	0	0	1	4060	170280	0	0	0
11	16	仓库/地窖	1	17	0	0	1	7328	2	7328	0	0	0	0	1	5088	185100	0	0	0
11	17	仓库/地窖	1	18	0	0	1	10469	2	10469	0	0	0	0	1	6645	200960	0	0	0
11	18	仓库/地窖	1	19	0	0	1	14955	2	14955	0	0	0	0	1	7204	217880	0	0	0
11	19	仓库/地窖	1	20	0	0	1	21328	2	21328	0	0	0	0	1	8930	235920	0	0	0
11	20	仓库/地窖	1	21	0	0	1	24342	2	24342	3	24	4	24	1	11748	255120	0	0	0
11	21	仓库/地窖	1	22	0	0	1	28766	2	28766	3	35	4	35	1	13545	275520	0	0	0
11	22	仓库/地窖	1	23	0	0	1	36658	2	36658	3	50	4	50	1	15229	297160	0	0	0
11	23	仓库/地窖	1	24	0	0	1	39797	2	39797	3	71	4	71	1	18516	320080	0	0	0
11	24	仓库/地窖	1	25	0	0	1	45188	2	45188	3	101	4	101	1	24963	344300	0	0	0
11	25	仓库/地窖	1	26	0	0	1	48254	2	48254	3	145	4	145	1	28868	369860	0	0	0
11	26	仓库/地窖	1	27	0	0	1	51220	2	51220	3	207	4	207	1	32624	396800	0	0	0
11	27	仓库/地窖	1	28	0	0	1	64800	2	64800	3	296	4	296	1	38042	425140	0	0	0
11	28	仓库/地窖	1	29	0	0	1	68153	2	68153	3	422	4	422	1	43249	454880	0	0	0
11	29	仓库/地窖	1	30	0	0	1	74612	2	74612	3	603	4	603	1	48293	486060	0	0	0
11	30	仓库/地窖	1	31	0	0	1	81619	2	81619	3	862	4	862	1	53208	518680	0	0	0
11	31	仓库/地窖	1	32	0	0	1	87974	2	87974	3	1232	4	1232	1	59571	552760	0	0	0
11	32	仓库/地窖	1	33	0	0	1	102099	2	102099	3	1759	4	1759	1	65772	588280	0	0	0
11	33	仓库/地窖	1	34	0	0	1	114027	2	114027	3	2513	4	2513	1	73305	625240	0	0	0
11	34	仓库/地窖	1	35	0	0	1	120870	2	120870	3	3591	4	3591	1	80662	663640	0	0	0
11	35	仓库/地窖	1	36	0	0	1	127514	2	127514	3	5130	4	5130	1	89260	703440	0	0	0
11	36	仓库/地窖	1	37	0	0	1	140070	2	140070	3	7328	4	7328	1	97682	744640	0	0	0
11	37	仓库/地窖	1	38	0	0	1	162518	2	162518	3	10469	4	10469	1	107274	787180	0	0	0
11	38	仓库/地窖	1	39	0	0	1	169654	2	169654	3	14955	4	14955	1	117977	831020	0	0	0
11	39	仓库/地窖	1	40	0	0	1	184315	2	184315	3	21328	4	21328	1	128786	876120	0	0	0
11	40	仓库/地窖	1	41	0	0	1	191451	2	191451	3	24342	4	24342	1	140704	922420	0	0	0
11	41	仓库/地窖	1	42	0	0	1	201900	2	201900	3	28766	4	28766	1	152483	969840	0	0	0
11	42	仓库/地窖	1	43	0	0	1	238617	2	238617	3	36658	4	36658	1	166525	1018320	0	0	0
11	43	仓库/地窖	1	44	0	0	1	250053	2	250053	3	39797	4	39797	1	180406	1067780	0	0	0
11	44	仓库/地窖	1	45	0	0	1	261218	2	261218	3	45188	4	45188	1	195302	1118100	0	0	0
11	45	仓库/地窖	1	46	0	0	1	283024	2	283024	3	48254	4	48254	1	211188	1169200	0	0	0
11	46	仓库/地窖	1	47	0	0	1	294145	2	294145	3	51220	4	51220	1	228041	1220960	0	0	0
11	47	仓库/地窖	1	48	0	0	1	332165	2	332165	3	64800	4	64800	1	246931	1273280	0	0	0
11	48	仓库/地窖	1	49	0	0	1	357042	2	357042	3	68153	4	68153	1	265646	1326020	0	0	0
11	49	仓库/地窖	1	50	0	0	1	372851	2	372851	3	74612	4	74612	1	285276	1379060	0	0	0
11	50	仓库/地窖	1	51	0	0	1	384478	2	384478	3	81619	4	81619	1	306851	1432240	0	0	0
11	51	仓库/地窖	1	52	0	0	1	414504	2	414504	3	87974	4	87974	1	328262	1485420	0	0	0
11	52	仓库/地窖	1	53	0	0	1	465079	2	465079	3	102099	4	102099	1	352582	1538460	0	0	0
11	53	仓库/地窖	1	54	0	0	1	481506	2	481506	3	114027	4	114027	1	376726	1591200	0	0	0
11	54	仓库/地窖	1	55	0	0	1	515416	2	515416	3	120870	4	120870	1	402701	1643480	0	0	0
11	55	仓库/地窖	1	56	0	0	1	531848	2	531848	3	127514	4	127514	1	429493	1695120	0	0	0
11	56	仓库/地窖	1	57	0	0	1	548017	2	548017	3	140070	4	140070	1	458063	1745960	0	0	0
11	57	仓库/地窖	1	58	0	0	1	631801	2	631801	3	162518	4	162518	1	488376	1795840	0	0	0
11	58	仓库/地窖	1	59	0	0	1	649193	2	649193	3	169654	4	169654	1	519462	1844580	0	0	0
11	59	仓库/地窖	1	60	0	0	1	670593	2	670593	3	184315	4	184315	1	552253	1892000	0	0	0
11	60	仓库/地窖	1	61	0	0	1	670593	2	670593	3	184315	4	184315	1	552253	1937940	0	0	0
12	0	木材厂/聚灵器	1	1	0	0	1	24	2	24	0	0	0	0	1	6	0	0	0	0
12	1	木材厂/聚灵器	1	2	0	0	1	35	2	35	0	0	0	0	1	4	16	1920	0	0
12	2	木材厂/聚灵器	1	3	0	0	1	50	2	50	0	0	0	0	1	77	32	3840	0	0
12	3	木材厂/聚灵器	1	4	0	0	1	71	2	71	0	0	0	0	1	87	48	5760	0	0
12	4	木材厂/聚灵器	1	5	0	0	1	101	2	101	0	0	0	0	1	97	64	7680	0	0
12	5	木材厂/聚灵器	1	6	0	0	1	145	2	145	0	0	0	0	1	243	80	9600	0	0
12	6	木材厂/聚灵器	1	7	0	0	1	207	2	207	0	0	0	0	1	358	96	11520	0	0
12	7	木材厂/聚灵器	1	8	0	0	1	296	2	296	0	0	0	0	1	430	112	13440	0	0
12	8	木材厂/聚灵器	1	9	0	0	1	422	2	422	0	0	0	0	1	773	128	15360	0	0
12	9	木材厂/聚灵器	1	10	0	0	1	603	2	603	0	0	0	0	1	1055	144	17280	0	0
12	10	木材厂/聚灵器	1	11	0	0	1	862	2	862	0	0	0	0	1	1349	160	19200	0	0
12	11	木材厂/聚灵器	1	12	0	0	1	1232	2	1232	0	0	0	0	1	1744	176	21120	0	0
12	12	木材厂/聚灵器	1	13	0	0	1	1759	2	1759	0	0	0	0	1	2159	192	23040	0	0
12	13	木材厂/聚灵器	1	14	0	0	1	2513	2	2513	0	0	0	0	1	2589	208	24960	0	0
12	14	木材厂/聚灵器	1	15	0	0	1	3591	2	3591	0	0	0	0	1	3248	224	26880	0	0
12	15	木材厂/聚灵器	1	16	0	0	1	5130	2	5130	0	0	0	0	1	4060	240	28800	0	0
12	16	木材厂/聚灵器	1	17	0	0	1	7328	2	7328	0	0	0	0	1	5088	256	30720	0	0
12	17	木材厂/聚灵器	1	18	0	0	1	10469	2	10469	0	0	0	0	1	6645	272	32640	0	0
12	18	木材厂/聚灵器	1	19	0	0	1	14955	2	14955	0	0	0	0	1	7204	288	34560	0	0
12	19	木材厂/聚灵器	1	20	0	0	1	21328	2	21328	0	0	0	0	1	8930	304	36480	0	0
12	20	木材厂/聚灵器	1	21	0	0	1	24342	2	24342	3	24	4	24	1	11748	320	38400	0	0
12	21	木材厂/聚灵器	1	22	0	0	1	28766	2	28766	3	35	4	35	1	13545	336	40320	0	0
12	22	木材厂/聚灵器	1	23	0	0	1	36658	2	36658	3	50	4	50	1	15229	352	42240	0	0
12	23	木材厂/聚灵器	1	24	0	0	1	39797	2	39797	3	71	4	71	1	18516	368	44160	0	0
12	24	木材厂/聚灵器	1	25	0	0	1	45188	2	45188	3	101	4	101	1	24963	384	46080	0	0
12	25	木材厂/聚灵器	1	26	0	0	1	48254	2	48254	3	145	4	145	1	28868	400	48000	0	0
12	26	木材厂/聚灵器	1	27	0	0	1	51220	2	51220	3	207	4	207	1	32624	416	49920	0	0
12	27	木材厂/聚灵器	1	28	0	0	1	64800	2	64800	3	296	4	296	1	38042	432	51840	0	0
12	28	木材厂/聚灵器	1	29	0	0	1	68153	2	68153	3	422	4	422	1	43249	448	53760	0	0
12	29	木材厂/聚灵器	1	30	0	0	1	74612	2	74612	3	603	4	603	1	48293	464	55680	0	0
12	30	木材厂/聚灵器	1	31	0	0	1	81619	2	81619	3	862	4	862	1	53208	480	57600	0	0
12	31	木材厂/聚灵器	1	32	0	0	1	87974	2	87974	3	1232	4	1232	1	59571	496	59520	0	0
12	32	木材厂/聚灵器	1	33	0	0	1	102099	2	102099	3	1759	4	1759	1	65772	512	61440	0	0
12	33	木材厂/聚灵器	1	34	0	0	1	114027	2	114027	3	2513	4	2513	1	73305	528	63360	0	0
12	34	木材厂/聚灵器	1	35	0	0	1	120870	2	120870	3	3591	4	3591	1	80662	544	65280	0	0
12	35	木材厂/聚灵器	1	36	0	0	1	127514	2	127514	3	5130	4	5130	1	89260	560	67200	0	0
12	36	木材厂/聚灵器	1	37	0	0	1	140070	2	140070	3	7328	4	7328	1	97682	576	69120	0	0
12	37	木材厂/聚灵器	1	38	0	0	1	162518	2	162518	3	10469	4	10469	1	107274	592	71040	0	0
12	38	木材厂/聚灵器	1	39	0	0	1	169654	2	169654	3	14955	4	14955	1	117977	608	72960	0	0
12	39	木材厂/聚灵器	1	40	0	0	1	184315	2	184315	3	21328	4	21328	1	128786	624	74880	0	0
12	40	木材厂/聚灵器	1	41	0	0	1	191451	2	191451	3	24342	4	24342	1	140704	640	76800	0	0
12	41	木材厂/聚灵器	1	42	0	0	1	201900	2	201900	3	28766	4	28766	1	152483	656	78720	0	0
12	42	木材厂/聚灵器	1	43	0	0	1	238617	2	238617	3	36658	4	36658	1	166525	672	80640	0	0
12	43	木材厂/聚灵器	1	44	0	0	1	250053	2	250053	3	39797	4	39797	1	180406	688	82560	0	0
12	44	木材厂/聚灵器	1	45	0	0	1	261218	2	261218	3	45188	4	45188	1	195302	704	84480	0	0
12	45	木材厂/聚灵器	1	46	0	0	1	283024	2	283024	3	48254	4	48254	1	211188	720	86400	0	0
12	46	木材厂/聚灵器	1	47	0	0	1	294145	2	294145	3	51220	4	51220	1	228041	736	88320	0	0
12	47	木材厂/聚灵器	1	48	0	0	1	332165	2	332165	3	64800	4	64800	1	246931	752	90240	0	0
12	48	木材厂/聚灵器	1	49	0	0	1	357042	2	357042	3	68153	4	68153	1	265646	768	92160	0	0
12	49	木材厂/聚灵器	1	50	0	0	1	372851	2	372851	3	74612	4	74612	1	285276	784	94080	0	0
12	50	木材厂/聚灵器	1	51	0	0	1	384478	2	384478	3	81619	4	81619	1	306851	800	96000	0	0
12	51	木材厂/聚灵器	1	52	0	0	1	414504	2	414504	3	87974	4	87974	1	328262	816	97920	0	0
12	52	木材厂/聚灵器	1	53	0	0	1	465079	2	465079	3	102099	4	102099	1	352582	832	99840	0	0
12	53	木材厂/聚灵器	1	54	0	0	1	481506	2	481506	3	114027	4	114027	1	376726	848	101760	0	0
12	54	木材厂/聚灵器	1	55	0	0	1	515416	2	515416	3	120870	4	120870	1	402701	864	103680	0	0
12	55	木材厂/聚灵器	1	56	0	0	1	531848	2	531848	3	127514	4	127514	1	429493	880	105600	0	0
12	56	木材厂/聚灵器	1	57	0	0	1	548017	2	548017	3	140070	4	140070	1	458063	896	107520	0	0
12	57	木材厂/聚灵器	1	58	0	0	1	631801	2	631801	3	162518	4	162518	1	488376	912	109440	0	0
12	58	木材厂/聚灵器	1	59	0	0	1	649193	2	649193	3	169654	4	169654	1	519462	928	111360	0	0
12	59	木材厂/聚灵器	1	60	0	0	1	670593	2	670593	3	184315	4	184315	1	552253	944	113280	0	0
12	60	木材厂/聚灵器	1	61	0	0	1	670593	2	670593	3	184315	4	184315	1	552253	960	115200	0	0
13	0	农田/魂器	1	1	0	0	1	24	2	24	0	0	0	0	1	6	0	0	0	0
13	1	农田/魂器	1	2	0	0	1	35	2	35	0	0	0	0	1	4	16	1920	0	0
13	2	农田/魂器	1	3	0	0	1	50	2	50	0	0	0	0	1	77	32	3840	0	0
13	3	农田/魂器	1	4	0	0	1	71	2	71	0	0	0	0	1	87	48	5760	0	0
13	4	农田/魂器	1	5	0	0	1	101	2	101	0	0	0	0	1	97	64	7680	0	0
13	5	农田/魂器	1	6	0	0	1	145	2	145	0	0	0	0	1	243	80	9600	0	0
13	6	农田/魂器	1	7	0	0	1	207	2	207	0	0	0	0	1	358	96	11520	0	0
13	7	农田/魂器	1	8	0	0	1	296	2	296	0	0	0	0	1	430	112	13440	0	0
13	8	农田/魂器	1	9	0	0	1	422	2	422	0	0	0	0	1	773	128	15360	0	0
13	9	农田/魂器	1	10	0	0	1	603	2	603	0	0	0	0	1	1055	144	17280	0	0
13	10	农田/魂器	1	11	0	0	1	862	2	862	0	0	0	0	1	1349	160	19200	0	0
13	11	农田/魂器	1	12	0	0	1	1232	2	1232	0	0	0	0	1	1744	176	21120	0	0
13	12	农田/魂器	1	13	0	0	1	1759	2	1759	0	0	0	0	1	2159	192	23040	0	0
13	13	农田/魂器	1	14	0	0	1	2513	2	2513	0	0	0	0	1	2589	208	24960	0	0
13	14	农田/魂器	1	15	0	0	1	3591	2	3591	0	0	0	0	1	3248	224	26880	0	0
13	15	农田/魂器	1	16	0	0	1	5130	2	5130	0	0	0	0	1	4060	240	28800	0	0
13	16	农田/魂器	1	17	0	0	1	7328	2	7328	0	0	0	0	1	5088	256	30720	0	0
13	17	农田/魂器	1	18	0	0	1	10469	2	10469	0	0	0	0	1	6645	272	32640	0	0
13	18	农田/魂器	1	19	0	0	1	14955	2	14955	0	0	0	0	1	7204	288	34560	0	0
13	19	农田/魂器	1	20	0	0	1	21328	2	21328	0	0	0	0	1	8930	304	36480	0	0
13	20	农田/魂器	1	21	0	0	1	24342	2	24342	3	24	4	24	1	11748	320	38400	0	0
13	21	农田/魂器	1	22	0	0	1	28766	2	28766	3	35	4	35	1	13545	336	40320	0	0
13	22	农田/魂器	1	23	0	0	1	36658	2	36658	3	50	4	50	1	15229	352	42240	0	0
13	23	农田/魂器	1	24	0	0	1	39797	2	39797	3	71	4	71	1	18516	368	44160	0	0
13	24	农田/魂器	1	25	0	0	1	45188	2	45188	3	101	4	101	1	24963	384	46080	0	0
13	25	农田/魂器	1	26	0	0	1	48254	2	48254	3	145	4	145	1	28868	400	48000	0	0
13	26	农田/魂器	1	27	0	0	1	51220	2	51220	3	207	4	207	1	32624	416	49920	0	0
13	27	农田/魂器	1	28	0	0	1	64800	2	64800	3	296	4	296	1	38042	432	51840	0	0
13	28	农田/魂器	1	29	0	0	1	68153	2	68153	3	422	4	422	1	43249	448	53760	0	0
13	29	农田/魂器	1	30	0	0	1	74612	2	74612	3	603	4	603	1	48293	464	55680	0	0
13	30	农田/魂器	1	31	0	0	1	81619	2	81619	3	862	4	862	1	53208	480	57600	0	0
13	31	农田/魂器	1	32	0	0	1	87974	2	87974	3	1232	4	1232	1	59571	496	59520	0	0
13	32	农田/魂器	1	33	0	0	1	102099	2	102099	3	1759	4	1759	1	65772	512	61440	0	0
13	33	农田/魂器	1	34	0	0	1	114027	2	114027	3	2513	4	2513	1	73305	528	63360	0	0
13	34	农田/魂器	1	35	0	0	1	120870	2	120870	3	3591	4	3591	1	80662	544	65280	0	0
13	35	农田/魂器	1	36	0	0	1	127514	2	127514	3	5130	4	5130	1	89260	560	67200	0	0
13	36	农田/魂器	1	37	0	0	1	140070	2	140070	3	7328	4	7328	1	97682	576	69120	0	0
13	37	农田/魂器	1	38	0	0	1	162518	2	162518	3	10469	4	10469	1	107274	592	71040	0	0
13	38	农田/魂器	1	39	0	0	1	169654	2	169654	3	14955	4	14955	1	117977	608	72960	0	0
13	39	农田/魂器	1	40	0	0	1	184315	2	184315	3	21328	4	21328	1	128786	624	74880	0	0
13	40	农田/魂器	1	41	0	0	1	191451	2	191451	3	24342	4	24342	1	140704	640	76800	0	0
13	41	农田/魂器	1	42	0	0	1	201900	2	201900	3	28766	4	28766	1	152483	656	78720	0	0
13	42	农田/魂器	1	43	0	0	1	238617	2	238617	3	36658	4	36658	1	166525	672	80640	0	0
13	43	农田/魂器	1	44	0	0	1	250053	2	250053	3	39797	4	39797	1	180406	688	82560	0	0
13	44	农田/魂器	1	45	0	0	1	261218	2	261218	3	45188	4	45188	1	195302	704	84480	0	0
13	45	农田/魂器	1	46	0	0	1	283024	2	283024	3	48254	4	48254	1	211188	720	86400	0	0
13	46	农田/魂器	1	47	0	0	1	294145	2	294145	3	51220	4	51220	1	228041	736	88320	0	0
13	47	农田/魂器	1	48	0	0	1	332165	2	332165	3	64800	4	64800	1	246931	752	90240	0	0
13	48	农田/魂器	1	49	0	0	1	357042	2	357042	3	68153	4	68153	1	265646	768	92160	0	0
13	49	农田/魂器	1	50	0	0	1	372851	2	372851	3	74612	4	74612	1	285276	784	94080	0	0
13	50	农田/魂器	1	51	0	0	1	384478	2	384478	3	81619	4	81619	1	306851	800	96000	0	0
13	51	农田/魂器	1	52	0	0	1	414504	2	414504	3	87974	4	87974	1	328262	816	97920	0	0
13	52	农田/魂器	1	53	0	0	1	465079	2	465079	3	102099	4	102099	1	352582	832	99840	0	0
13	53	农田/魂器	1	54	0	0	1	481506	2	481506	3	114027	4	114027	1	376726	848	101760	0	0
13	54	农田/魂器	1	55	0	0	1	515416	2	515416	3	120870	4	120870	1	402701	864	103680	0	0
13	55	农田/魂器	1	56	0	0	1	531848	2	531848	3	127514	4	127514	1	429493	880	105600	0	0
13	56	农田/魂器	1	57	0	0	1	548017	2	548017	3	140070	4	140070	1	458063	896	107520	0	0
13	57	农田/魂器	1	58	0	0	1	631801	2	631801	3	162518	4	162518	1	488376	912	109440	0	0
13	58	农田/魂器	1	59	0	0	1	649193	2	649193	3	169654	4	169654	1	519462	928	111360	0	0
13	59	农田/魂器	1	60	0	0	1	670593	2	670593	3	184315	4	184315	1	552253	944	113280	0	0
13	60	农田/魂器	1	61	0	0	1	670593	2	670593	3	184315	4	184315	1	552253	960	115200	0	0
14	0	铁矿厂/炼化室	1	1	0	0	1	24	2	24	0	0	0	0	1	6	0	0	0	0
14	1	铁矿厂/炼化室	1	2	0	0	1	35	2	35	0	0	0	0	1	4	3	360	0	0
14	2	铁矿厂/炼化室	1	3	0	0	1	50	2	50	0	0	0	0	1	77	6	720	0	0
14	3	铁矿厂/炼化室	1	4	0	0	1	71	2	71	0	0	0	0	1	87	9	1080	0	0
14	4	铁矿厂/炼化室	1	5	0	0	1	101	2	101	0	0	0	0	1	97	12	1440	0	0
14	5	铁矿厂/炼化室	1	6	0	0	1	145	2	145	0	0	0	0	1	243	15	1800	0	0
14	6	铁矿厂/炼化室	1	7	0	0	1	207	2	207	0	0	0	0	1	358	18	2160	0	0
14	7	铁矿厂/炼化室	1	8	0	0	1	296	2	296	0	0	0	0	1	430	21	2520	0	0
14	8	铁矿厂/炼化室	1	9	0	0	1	422	2	422	0	0	0	0	1	773	24	2880	0	0
14	9	铁矿厂/炼化室	1	10	0	0	1	603	2	603	0	0	0	0	1	1055	27	3240	0	0
14	10	铁矿厂/炼化室	1	11	0	0	1	862	2	862	0	0	0	0	1	1349	30	3600	0	0
14	11	铁矿厂/炼化室	1	12	0	0	1	1232	2	1232	0	0	0	0	1	1744	33	3960	0	0
14	12	铁矿厂/炼化室	1	13	0	0	1	1759	2	1759	0	0	0	0	1	2159	36	4320	0	0
14	13	铁矿厂/炼化室	1	14	0	0	1	2513	2	2513	0	0	0	0	1	2589	39	4680	0	0
14	14	铁矿厂/炼化室	1	15	0	0	1	3591	2	3591	0	0	0	0	1	3248	42	5040	0	0
14	15	铁矿厂/炼化室	1	16	0	0	1	5130	2	5130	0	0	0	0	1	4060	45	5400	0	0
14	16	铁矿厂/炼化室	1	17	0	0	1	7328	2	7328	0	0	0	0	1	5088	48	5760	0	0
14	17	铁矿厂/炼化室	1	18	0	0	1	10469	2	10469	0	0	0	0	1	6645	51	6120	0	0
14	18	铁矿厂/炼化室	1	19	0	0	1	14955	2	14955	0	0	0	0	1	7204	54	6480	0	0
14	19	铁矿厂/炼化室	1	20	0	0	1	21328	2	21328	0	0	0	0	1	8930	57	6840	0	0
14	20	铁矿厂/炼化室	1	21	0	0	1	24342	2	24342	3	24	4	24	1	11748	60	7200	0	0
14	21	铁矿厂/炼化室	1	22	0	0	1	28766	2	28766	3	35	4	35	1	13545	63	7560	0	0
14	22	铁矿厂/炼化室	1	23	0	0	1	36658	2	36658	3	50	4	50	1	15229	66	7920	0	0
14	23	铁矿厂/炼化室	1	24	0	0	1	39797	2	39797	3	71	4	71	1	18516	69	8280	0	0
14	24	铁矿厂/炼化室	1	25	0	0	1	45188	2	45188	3	101	4	101	1	24963	72	8640	0	0
14	25	铁矿厂/炼化室	1	26	0	0	1	48254	2	48254	3	145	4	145	1	28868	75	9000	0	0
14	26	铁矿厂/炼化室	1	27	0	0	1	51220	2	51220	3	207	4	207	1	32624	78	9360	0	0
14	27	铁矿厂/炼化室	1	28	0	0	1	64800	2	64800	3	296	4	296	1	38042	81	9720	0	0
14	28	铁矿厂/炼化室	1	29	0	0	1	68153	2	68153	3	422	4	422	1	43249	84	10080	0	0
14	29	铁矿厂/炼化室	1	30	0	0	1	74612	2	74612	3	603	4	603	1	48293	87	10440	0	0
14	30	铁矿厂/炼化室	1	31	0	0	1	81619	2	81619	3	862	4	862	1	53208	90	10800	0	0
14	31	铁矿厂/炼化室	1	32	0	0	1	87974	2	87974	3	1232	4	1232	1	59571	93	11160	0	0
14	32	铁矿厂/炼化室	1	33	0	0	1	102099	2	102099	3	1759	4	1759	1	65772	96	11520	0	0
14	33	铁矿厂/炼化室	1	34	0	0	1	114027	2	114027	3	2513	4	2513	1	73305	99	11880	0	0
14	34	铁矿厂/炼化室	1	35	0	0	1	120870	2	120870	3	3591	4	3591	1	80662	102	12240	0	0
14	35	铁矿厂/炼化室	1	36	0	0	1	127514	2	127514	3	5130	4	5130	1	89260	105	12600	0	0
14	36	铁矿厂/炼化室	1	37	0	0	1	140070	2	140070	3	7328	4	7328	1	97682	108	12960	0	0
14	37	铁矿厂/炼化室	1	38	0	0	1	162518	2	162518	3	10469	4	10469	1	107274	111	13320	0	0
14	38	铁矿厂/炼化室	1	39	0	0	1	169654	2	169654	3	14955	4	14955	1	117977	114	13680	0	0
14	39	铁矿厂/炼化室	1	40	0	0	1	184315	2	184315	3	21328	4	21328	1	128786	117	14040	0	0
14	40	铁矿厂/炼化室	1	41	0	0	1	191451	2	191451	3	24342	4	24342	1	140704	120	14400	0	0
14	41	铁矿厂/炼化室	1	42	0	0	1	201900	2	201900	3	28766	4	28766	1	152483	123	14760	0	0
14	42	铁矿厂/炼化室	1	43	0	0	1	238617	2	238617	3	36658	4	36658	1	166525	126	15120	0	0
14	43	铁矿厂/炼化室	1	44	0	0	1	250053	2	250053	3	39797	4	39797	1	180406	129	15480	0	0
14	44	铁矿厂/炼化室	1	45	0	0	1	261218	2	261218	3	45188	4	45188	1	195302	132	15840	0	0
14	45	铁矿厂/炼化室	1	46	0	0	1	283024	2	283024	3	48254	4	48254	1	211188	135	16200	0	0
14	46	铁矿厂/炼化室	1	47	0	0	1	294145	2	294145	3	51220	4	51220	1	228041	138	16560	0	0
14	47	铁矿厂/炼化室	1	48	0	0	1	332165	2	332165	3	64800	4	64800	1	246931	141	16920	0	0
14	48	铁矿厂/炼化室	1	49	0	0	1	357042	2	357042	3	68153	4	68153	1	265646	144	17280	0	0
14	49	铁矿厂/炼化室	1	50	0	0	1	372851	2	372851	3	74612	4	74612	1	285276	147	17640	0	0
14	50	铁矿厂/炼化室	1	51	0	0	1	384478	2	384478	3	81619	4	81619	1	306851	150	18000	0	0
14	51	铁矿厂/炼化室	1	52	0	0	1	414504	2	414504	3	87974	4	87974	1	328262	153	18360	0	0
14	52	铁矿厂/炼化室	1	53	0	0	1	465079	2	465079	3	102099	4	102099	1	352582	156	18720	0	0
14	53	铁矿厂/炼化室	1	54	0	0	1	481506	2	481506	3	114027	4	114027	1	376726	159	19080	0	0
14	54	铁矿厂/炼化室	1	55	0	0	1	515416	2	515416	3	120870	4	120870	1	402701	162	19440	0	0
14	55	铁矿厂/炼化室	1	56	0	0	1	531848	2	531848	3	127514	4	127514	1	429493	165	19800	0	0
14	56	铁矿厂/炼化室	1	57	0	0	1	548017	2	548017	3	140070	4	140070	1	458063	168	20160	0	0
14	57	铁矿厂/炼化室	1	58	0	0	1	631801	2	631801	3	162518	4	162518	1	488376	171	20520	0	0
14	58	铁矿厂/炼化室	1	59	0	0	1	649193	2	649193	3	169654	4	169654	1	519462	174	20880	0	0
14	59	铁矿厂/炼化室	1	60	0	0	1	670593	2	670593	3	184315	4	184315	1	552253	177	21240	0	0
14	60	铁矿厂/炼化室	1	61	0	0	1	670593	2	670593	3	184315	4	184315	1	552253	180	21600	0	0
15	0	秘银穴/深坑	1	1	0	0	1	24	2	24	0	0	0	0	1	6	0	0	0	0
15	1	秘银穴/深坑	1	2	0	0	1	35	2	35	0	0	0	0	1	4	2	240	0	0
15	2	秘银穴/深坑	1	3	0	0	1	50	2	50	0	0	0	0	1	77	4	480	0	0
15	3	秘银穴/深坑	1	4	0	0	1	71	2	71	0	0	0	0	1	87	6	720	0	0
15	4	秘银穴/深坑	1	5	0	0	1	101	2	101	0	0	0	0	1	97	8	960	0	0
15	5	秘银穴/深坑	1	6	0	0	1	145	2	145	0	0	0	0	1	243	10	1200	0	0
15	6	秘银穴/深坑	1	7	0	0	1	207	2	207	0	0	0	0	1	358	12	1440	0	0
15	7	秘银穴/深坑	1	8	0	0	1	296	2	296	0	0	0	0	1	430	14	1680	0	0
15	8	秘银穴/深坑	1	9	0	0	1	422	2	422	0	0	0	0	1	773	16	1920	0	0
15	9	秘银穴/深坑	1	10	0	0	1	603	2	603	0	0	0	0	1	1055	18	2160	0	0
15	10	秘银穴/深坑	1	11	0	0	1	862	2	862	0	0	0	0	1	1349	20	2400	0	0
15	11	秘银穴/深坑	1	12	0	0	1	1232	2	1232	0	0	0	0	1	1744	22	2640	0	0
15	12	秘银穴/深坑	1	13	0	0	1	1759	2	1759	0	0	0	0	1	2159	24	2880	0	0
15	13	秘银穴/深坑	1	14	0	0	1	2513	2	2513	0	0	0	0	1	2589	26	3120	0	0
15	14	秘银穴/深坑	1	15	0	0	1	3591	2	3591	0	0	0	0	1	3248	28	3360	0	0
15	15	秘银穴/深坑	1	16	0	0	1	5130	2	5130	0	0	0	0	1	4060	30	3600	0	0
15	16	秘银穴/深坑	1	17	0	0	1	7328	2	7328	0	0	0	0	1	5088	32	3840	0	0
15	17	秘银穴/深坑	1	18	0	0	1	10469	2	10469	0	0	0	0	1	6645	34	4080	0	0
15	18	秘银穴/深坑	1	19	0	0	1	14955	2	14955	0	0	0	0	1	7204	36	4320	0	0
15	19	秘银穴/深坑	1	20	0	0	1	21328	2	21328	0	0	0	0	1	8930	38	4560	0	0
15	20	秘银穴/深坑	1	21	0	0	1	24342	2	24342	3	24	4	24	1	11748	40	4800	0	0
15	21	秘银穴/深坑	1	22	0	0	1	28766	2	28766	3	35	4	35	1	13545	42	5040	0	0
15	22	秘银穴/深坑	1	23	0	0	1	36658	2	36658	3	50	4	50	1	15229	44	5280	0	0
15	23	秘银穴/深坑	1	24	0	0	1	39797	2	39797	3	71	4	71	1	18516	46	5520	0	0
15	24	秘银穴/深坑	1	25	0	0	1	45188	2	45188	3	101	4	101	1	24963	48	5760	0	0
15	25	秘银穴/深坑	1	26	0	0	1	48254	2	48254	3	145	4	145	1	28868	50	6000	0	0
15	26	秘银穴/深坑	1	27	0	0	1	51220	2	51220	3	207	4	207	1	32624	52	6240	0	0
15	27	秘银穴/深坑	1	28	0	0	1	64800	2	64800	3	296	4	296	1	38042	54	6480	0	0
15	28	秘银穴/深坑	1	29	0	0	1	68153	2	68153	3	422	4	422	1	43249	56	6720	0	0
15	29	秘银穴/深坑	1	30	0	0	1	74612	2	74612	3	603	4	603	1	48293	58	6960	0	0
15	30	秘银穴/深坑	1	31	0	0	1	81619	2	81619	3	862	4	862	1	53208	60	7200	0	0
15	31	秘银穴/深坑	1	32	0	0	1	87974	2	87974	3	1232	4	1232	1	59571	62	7440	0	0
15	32	秘银穴/深坑	1	33	0	0	1	102099	2	102099	3	1759	4	1759	1	65772	64	7680	0	0
15	33	秘银穴/深坑	1	34	0	0	1	114027	2	114027	3	2513	4	2513	1	73305	66	7920	0	0
15	34	秘银穴/深坑	1	35	0	0	1	120870	2	120870	3	3591	4	3591	1	80662	68	8160	0	0
15	35	秘银穴/深坑	1	36	0	0	1	127514	2	127514	3	5130	4	5130	1	89260	70	8400	0	0
15	36	秘银穴/深坑	1	37	0	0	1	140070	2	140070	3	7328	4	7328	1	97682	72	8640	0	0
15	37	秘银穴/深坑	1	38	0	0	1	162518	2	162518	3	10469	4	10469	1	107274	74	8880	0	0
15	38	秘银穴/深坑	1	39	0	0	1	169654	2	169654	3	14955	4	14955	1	117977	76	9120	0	0
15	39	秘银穴/深坑	1	40	0	0	1	184315	2	184315	3	21328	4	21328	1	128786	78	9360	0	0
15	40	秘银穴/深坑	1	41	0	0	1	191451	2	191451	3	24342	4	24342	1	140704	80	9600	0	0
15	41	秘银穴/深坑	1	42	0	0	1	201900	2	201900	3	28766	4	28766	1	152483	82	9840	0	0
15	42	秘银穴/深坑	1	43	0	0	1	238617	2	238617	3	36658	4	36658	1	166525	84	10080	0	0
15	43	秘银穴/深坑	1	44	0	0	1	250053	2	250053	3	39797	4	39797	1	180406	86	10320	0	0
15	44	秘银穴/深坑	1	45	0	0	1	261218	2	261218	3	45188	4	45188	1	195302	88	10560	0	0
15	45	秘银穴/深坑	1	46	0	0	1	283024	2	283024	3	48254	4	48254	1	211188	90	10800	0	0
15	46	秘银穴/深坑	1	47	0	0	1	294145	2	294145	3	51220	4	51220	1	228041	92	11040	0	0
15	47	秘银穴/深坑	1	48	0	0	1	332165	2	332165	3	64800	4	64800	1	246931	94	11280	0	0
15	48	秘银穴/深坑	1	49	0	0	1	357042	2	357042	3	68153	4	68153	1	265646	96	11520	0	0
15	49	秘银穴/深坑	1	50	0	0	1	372851	2	372851	3	74612	4	74612	1	285276	98	11760	0	0
15	50	秘银穴/深坑	1	51	0	0	1	384478	2	384478	3	81619	4	81619	1	306851	100	12000	0	0
15	51	秘银穴/深坑	1	52	0	0	1	414504	2	414504	3	87974	4	87974	1	328262	102	12240	0	0
15	52	秘银穴/深坑	1	53	0	0	1	465079	2	465079	3	102099	4	102099	1	352582	104	12480	0	0
15	53	秘银穴/深坑	1	54	0	0	1	481506	2	481506	3	114027	4	114027	1	376726	106	12720	0	0
15	54	秘银穴/深坑	1	55	0	0	1	515416	2	515416	3	120870	4	120870	1	402701	108	12960	0	0
15	55	秘银穴/深坑	1	56	0	0	1	531848	2	531848	3	127514	4	127514	1	429493	110	13200	0	0
15	56	秘银穴/深坑	1	57	0	0	1	548017	2	548017	3	140070	4	140070	1	458063	112	13440	0	0
15	57	秘银穴/深坑	1	58	0	0	1	631801	2	631801	3	162518	4	162518	1	488376	114	13680	0	0
15	58	秘银穴/深坑	1	59	0	0	1	649193	2	649193	3	169654	4	169654	1	519462	116	13920	0	0
15	59	秘银穴/深坑	1	60	0	0	1	670593	2	670593	3	184315	4	184315	1	552253	118	14160	0	0
15	60	秘银穴/深坑	1	61	0	0	1	670593	2	670593	3	184315	4	184315	1	552253	120	14400	0	0
16	0	民居/地穴	1	1	0	0	1	24	2	24	0	0	0	0	1	6	0	0	0	0
16	1	民居/地穴	1	2	0	0	1	35	2	35	0	0	0	0	1	4	1	3	0	0
16	2	民居/地穴	1	3	0	0	1	50	2	50	0	0	0	0	1	77	2	6	0	0
16	3	民居/地穴	1	4	0	0	1	71	2	71	0	0	0	0	1	87	3	9	0	0
16	4	民居/地穴	1	5	0	0	1	101	2	101	0	0	0	0	1	97	4	12	0	0
16	5	民居/地穴	1	6	0	0	1	145	2	145	0	0	0	0	1	243	5	15	0	0
16	6	民居/地穴	1	7	0	0	1	207	2	207	0	0	0	0	1	358	6	18	0	0
16	7	民居/地穴	1	8	0	0	1	296	2	296	0	0	0	0	1	430	7	21	0	0
16	8	民居/地穴	1	9	0	0	1	422	2	422	0	0	0	0	1	773	8	24	0	0
16	9	民居/地穴	1	10	0	0	1	603	2	603	0	0	0	0	1	1055	9	27	0	0
16	10	民居/地穴	1	11	0	0	1	862	2	862	0	0	0	0	1	1349	10	30	0	0
16	11	民居/地穴	1	12	0	0	1	1232	2	1232	0	0	0	0	1	1744	11	33	0	0
16	12	民居/地穴	1	13	0	0	1	1759	2	1759	0	0	0	0	1	2159	12	36	0	0
16	13	民居/地穴	1	14	0	0	1	2513	2	2513	0	0	0	0	1	2589	13	39	0	0
16	14	民居/地穴	1	15	0	0	1	3591	2	3591	0	0	0	0	1	3248	14	42	0	0
16	15	民居/地穴	1	16	0	0	1	5130	2	5130	0	0	0	0	1	4060	15	45	0	0
16	16	民居/地穴	1	17	0	0	1	7328	2	7328	0	0	0	0	1	5088	16	48	0	0
16	17	民居/地穴	1	18	0	0	1	10469	2	10469	0	0	0	0	1	6645	17	51	0	0
16	18	民居/地穴	1	19	0	0	1	14955	2	14955	0	0	0	0	1	7204	18	54	0	0
16	19	民居/地穴	1	20	0	0	1	21328	2	21328	0	0	0	0	1	8930	19	57	0	0
16	20	民居/地穴	1	21	0	0	1	24342	2	24342	3	24	4	24	1	11748	20	60	0	0
16	21	民居/地穴	1	22	0	0	1	28766	2	28766	3	35	4	35	1	13545	21	63	0	0
16	22	民居/地穴	1	23	0	0	1	36658	2	36658	3	50	4	50	1	15229	22	66	0	0
16	23	民居/地穴	1	24	0	0	1	39797	2	39797	3	71	4	71	1	18516	23	69	0	0
16	24	民居/地穴	1	25	0	0	1	45188	2	45188	3	101	4	101	1	24963	24	72	0	0
16	25	民居/地穴	1	26	0	0	1	48254	2	48254	3	145	4	145	1	28868	25	75	0	0
16	26	民居/地穴	1	27	0	0	1	51220	2	51220	3	207	4	207	1	32624	26	78	0	0
16	27	民居/地穴	1	28	0	0	1	64800	2	64800	3	296	4	296	1	38042	27	81	0	0
16	28	民居/地穴	1	29	0	0	1	68153	2	68153	3	422	4	422	1	43249	28	84	0	0
16	29	民居/地穴	1	30	0	0	1	74612	2	74612	3	603	4	603	1	48293	29	87	0	0
16	30	民居/地穴	1	31	0	0	1	81619	2	81619	3	862	4	862	1	53208	30	90	0	0
16	31	民居/地穴	1	32	0	0	1	87974	2	87974	3	1232	4	1232	1	59571	31	93	0	0
16	32	民居/地穴	1	33	0	0	1	102099	2	102099	3	1759	4	1759	1	65772	32	96	0	0
16	33	民居/地穴	1	34	0	0	1	114027	2	114027	3	2513	4	2513	1	73305	33	99	0	0
16	34	民居/地穴	1	35	0	0	1	120870	2	120870	3	3591	4	3591	1	80662	34	102	0	0
16	35	民居/地穴	1	36	0	0	1	127514	2	127514	3	5130	4	5130	1	89260	35	105	0	0
16	36	民居/地穴	1	37	0	0	1	140070	2	140070	3	7328	4	7328	1	97682	36	108	0	0
16	37	民居/地穴	1	38	0	0	1	162518	2	162518	3	10469	4	10469	1	107274	37	111	0	0
16	38	民居/地穴	1	39	0	0	1	169654	2	169654	3	14955	4	14955	1	117977	38	114	0	0
16	39	民居/地穴	1	40	0	0	1	184315	2	184315	3	21328	4	21328	1	128786	39	117	0	0
16	40	民居/地穴	1	41	0	0	1	191451	2	191451	3	24342	4	24342	1	140704	40	120	0	0
16	41	民居/地穴	1	42	0	0	1	201900	2	201900	3	28766	4	28766	1	152483	41	123	0	0
16	42	民居/地穴	1	43	0	0	1	238617	2	238617	3	36658	4	36658	1	166525	42	126	0	0
16	43	民居/地穴	1	44	0	0	1	250053	2	250053	3	39797	4	39797	1	180406	43	129	0	0
16	44	民居/地穴	1	45	0	0	1	261218	2	261218	3	45188	4	45188	1	195302	44	132	0	0
16	45	民居/地穴	1	46	0	0	1	283024	2	283024	3	48254	4	48254	1	211188	45	135	0	0
16	46	民居/地穴	1	47	0	0	1	294145	2	294145	3	51220	4	51220	1	228041	46	138	0	0
16	47	民居/地穴	1	48	0	0	1	332165	2	332165	3	64800	4	64800	1	246931	47	141	0	0
16	48	民居/地穴	1	49	0	0	1	357042	2	357042	3	68153	4	68153	1	265646	48	144	0	0
16	49	民居/地穴	1	50	0	0	1	372851	2	372851	3	74612	4	74612	1	285276	49	147	0	0
16	50	民居/地穴	1	51	0	0	1	384478	2	384478	3	81619	4	81619	1	306851	50	150	0	0
16	51	民居/地穴	1	52	0	0	1	414504	2	414504	3	87974	4	87974	1	328262	51	153	0	0
16	52	民居/地穴	1	53	0	0	1	465079	2	465079	3	102099	4	102099	1	352582	52	156	0	0
16	53	民居/地穴	1	54	0	0	1	481506	2	481506	3	114027	4	114027	1	376726	53	159	0	0
16	54	民居/地穴	1	55	0	0	1	515416	2	515416	3	120870	4	120870	1	402701	54	162	0	0
16	55	民居/地穴	1	56	0	0	1	531848	2	531848	3	127514	4	127514	1	429493	55	165	0	0
16	56	民居/地穴	1	57	0	0	1	548017	2	548017	3	140070	4	140070	1	458063	56	168	0	0
16	57	民居/地穴	1	58	0	0	1	631801	2	631801	3	162518	4	162518	1	488376	57	171	0	0
16	58	民居/地穴	1	59	0	0	1	649193	2	649193	3	169654	4	169654	1	519462	58	174	0	0
16	59	民居/地穴	1	60	0	0	1	670593	2	670593	3	184315	4	184315	1	552253	59	177	0	0
16	60	民居/地穴	1	61	0	0	1	670593	2	670593	3	184315	4	184315	1	552253	60	180	0	0
17	0	兵营	1	1	0	0	1	24	2	24	0	0	0	0	1	6	0	0	0	0
17	1	兵营	1	2	0	0	1	35	2	35	0	0	0	0	1	4	1	0	0	0
17	2	兵营	1	3	0	0	1	50	2	50	0	0	0	0	1	77	1	0	0	0
17	3	兵营	1	4	0	0	1	71	2	71	0	0	0	0	1	87	1	0	0	0
17	4	兵营	1	5	0	0	1	101	2	101	0	0	0	0	1	97	1	0	0	0
17	5	兵营	1	6	0	0	1	145	2	145	0	0	0	0	1	243	1	0	0	0
17	6	兵营	1	7	0	0	1	207	2	207	0	0	0	0	1	358	1	0	0	0
17	7	兵营	1	8	0	0	1	296	2	296	0	0	0	0	1	430	1	0	0	0
17	8	兵营	1	9	0	0	1	422	2	422	0	0	0	0	1	773	1	0	0	0
17	9	兵营	1	10	0	0	1	603	2	603	0	0	0	0	1	1055	1	0	0	0
17	10	兵营	1	11	0	0	1	862	2	862	0	0	0	0	1	1349	1	0	0	0
17	11	兵营	1	12	0	0	1	1232	2	1232	0	0	0	0	1	1744	1	0	0	0
17	12	兵营	1	13	0	0	1	1759	2	1759	0	0	0	0	1	2159	1	0	0	0
17	13	兵营	1	14	0	0	1	2513	2	2513	0	0	0	0	1	2589	1	0	0	0
17	14	兵营	1	15	0	0	1	3591	2	3591	0	0	0	0	1	3248	1	0	0	0
17	15	兵营	1	16	0	0	1	5130	2	5130	0	0	0	0	1	4060	1	0	0	0
17	16	兵营	1	17	0	0	1	7328	2	7328	0	0	0	0	1	5088	1	0	0	0
17	17	兵营	1	18	0	0	1	10469	2	10469	0	0	0	0	1	6645	1	0	0	0
17	18	兵营	1	19	0	0	1	14955	2	14955	0	0	0	0	1	7204	1	0	0	0
17	19	兵营	1	20	0	0	1	21328	2	21328	0	0	0	0	1	8930	1	0	0	0
17	20	兵营	1	21	0	0	1	24342	2	24342	3	24	4	24	1	11748	1	0	0	0
17	21	兵营	1	22	0	0	1	28766	2	28766	3	35	4	35	1	13545	1	0	0	0
17	22	兵营	1	23	0	0	1	36658	2	36658	3	50	4	50	1	15229	1	0	0	0
17	23	兵营	1	24	0	0	1	39797	2	39797	3	71	4	71	1	18516	1	0	0	0
17	24	兵营	1	25	0	0	1	45188	2	45188	3	101	4	101	1	24963	1	0	0	0
17	25	兵营	1	26	0	0	1	48254	2	48254	3	145	4	145	1	28868	1	0	0	0
17	26	兵营	1	27	0	0	1	51220	2	51220	3	207	4	207	1	32624	1	0	0	0
17	27	兵营	1	28	0	0	1	64800	2	64800	3	296	4	296	1	38042	1	0	0	0
17	28	兵营	1	29	0	0	1	68153	2	68153	3	422	4	422	1	43249	1	0	0	0
17	29	兵营	1	30	0	0	1	74612	2	74612	3	603	4	603	1	48293	1	0	0	0
17	30	兵营	1	31	0	0	1	81619	2	81619	3	862	4	862	1	53208	1	0	0	0
17	31	兵营	1	32	0	0	1	87974	2	87974	3	1232	4	1232	1	59571	1	0	0	0
17	32	兵营	1	33	0	0	1	102099	2	102099	3	1759	4	1759	1	65772	1	0	0	0
17	33	兵营	1	34	0	0	1	114027	2	114027	3	2513	4	2513	1	73305	1	0	0	0
17	34	兵营	1	35	0	0	1	120870	2	120870	3	3591	4	3591	1	80662	1	0	0	0
17	35	兵营	1	36	0	0	1	127514	2	127514	3	5130	4	5130	1	89260	1	0	0	0
17	36	兵营	1	37	0	0	1	140070	2	140070	3	7328	4	7328	1	97682	1	0	0	0
17	37	兵营	1	38	0	0	1	162518	2	162518	3	10469	4	10469	1	107274	1	0	0	0
17	38	兵营	1	39	0	0	1	169654	2	169654	3	14955	4	14955	1	117977	1	0	0	0
17	39	兵营	1	40	0	0	1	184315	2	184315	3	21328	4	21328	1	128786	1	0	0	0
17	40	兵营	1	41	0	0	1	191451	2	191451	3	24342	4	24342	1	140704	1	0	0	0
17	41	兵营	1	42	0	0	1	201900	2	201900	3	28766	4	28766	1	152483	1	0	0	0
17	42	兵营	1	43	0	0	1	238617	2	238617	3	36658	4	36658	1	166525	1	0	0	0
17	43	兵营	1	44	0	0	1	250053	2	250053	3	39797	4	39797	1	180406	1	0	0	0
17	44	兵营	1	45	0	0	1	261218	2	261218	3	45188	4	45188	1	195302	1	0	0	0
17	45	兵营	1	46	0	0	1	283024	2	283024	3	48254	4	48254	1	211188	1	0	0	0
17	46	兵营	1	47	0	0	1	294145	2	294145	3	51220	4	51220	1	228041	1	0	0	0
17	47	兵营	1	48	0	0	1	332165	2	332165	3	64800	4	64800	1	246931	1	0	0	0
17	48	兵营	1	49	0	0	1	357042	2	357042	3	68153	4	68153	1	265646	1	0	0	0
17	49	兵营	1	50	0	0	1	372851	2	372851	3	74612	4	74612	1	285276	1	0	0	0
17	50	兵营	1	51	0	0	1	384478	2	384478	3	81619	4	81619	1	306851	1	0	0	0
17	51	兵营	1	52	0	0	1	414504	2	414504	3	87974	4	87974	1	328262	1	0	0	0
17	52	兵营	1	53	0	0	1	465079	2	465079	3	102099	4	102099	1	352582	1	0	0	0
17	53	兵营	1	54	0	0	1	481506	2	481506	3	114027	4	114027	1	376726	1	0	0	0
17	54	兵营	1	55	0	0	1	515416	2	515416	3	120870	4	120870	1	402701	1	0	0	0
17	55	兵营	1	56	0	0	1	531848	2	531848	3	127514	4	127514	1	429493	1	0	0	0
17	56	兵营	1	57	0	0	1	548017	2	548017	3	140070	4	140070	1	458063	1	0	0	0
17	57	兵营	1	58	0	0	1	631801	2	631801	3	162518	4	162518	1	488376	1	0	0	0
17	58	兵营	1	59	0	0	1	649193	2	649193	3	169654	4	169654	1	519462	1	0	0	0
17	59	兵营	1	60	0	0	1	670593	2	670593	3	184315	4	184315	1	552253	1	0	0	0
17	60	兵营	1	61	0	0	1	670593	2	670593	3	184315	4	184315	1	552253	1	0	0	0
18	0	马厩	1	1	0	0	1	24	2	24	0	0	0	0	1	6	0	0	0	0
18	1	马厩	1	2	0	0	1	35	2	35	0	0	0	0	1	4	2	0	0	0
18	2	马厩	1	3	0	0	1	50	2	50	0	0	0	0	1	77	2	0	0	0
18	3	马厩	1	4	0	0	1	71	2	71	0	0	0	0	1	87	2	0	0	0
18	4	马厩	1	5	0	0	1	101	2	101	0	0	0	0	1	97	2	0	0	0
18	5	马厩	1	6	0	0	1	145	2	145	0	0	0	0	1	243	2	0	0	0
18	6	马厩	1	7	0	0	1	207	2	207	0	0	0	0	1	358	2	0	0	0
18	7	马厩	1	8	0	0	1	296	2	296	0	0	0	0	1	430	2	0	0	0
18	8	马厩	1	9	0	0	1	422	2	422	0	0	0	0	1	773	2	0	0	0
18	9	马厩	1	10	0	0	1	603	2	603	0	0	0	0	1	1055	2	0	0	0
18	10	马厩	1	11	0	0	1	862	2	862	0	0	0	0	1	1349	2	0	0	0
18	11	马厩	1	12	0	0	1	1232	2	1232	0	0	0	0	1	1744	2	0	0	0
18	12	马厩	1	13	0	0	1	1759	2	1759	0	0	0	0	1	2159	2	0	0	0
18	13	马厩	1	14	0	0	1	2513	2	2513	0	0	0	0	1	2589	2	0	0	0
18	14	马厩	1	15	0	0	1	3591	2	3591	0	0	0	0	1	3248	2	0	0	0
18	15	马厩	1	16	0	0	1	5130	2	5130	0	0	0	0	1	4060	2	0	0	0
18	16	马厩	1	17	0	0	1	7328	2	7328	0	0	0	0	1	5088	2	0	0	0
18	17	马厩	1	18	0	0	1	10469	2	10469	0	0	0	0	1	6645	2	0	0	0
18	18	马厩	1	19	0	0	1	14955	2	14955	0	0	0	0	1	7204	2	0	0	0
18	19	马厩	1	20	0	0	1	21328	2	21328	0	0	0	0	1	8930	2	0	0	0
18	20	马厩	1	21	0	0	1	24342	2	24342	3	24	4	24	1	11748	2	0	0	0
18	21	马厩	1	22	0	0	1	28766	2	28766	3	35	4	35	1	13545	2	0	0	0
18	22	马厩	1	23	0	0	1	36658	2	36658	3	50	4	50	1	15229	2	0	0	0
18	23	马厩	1	24	0	0	1	39797	2	39797	3	71	4	71	1	18516	2	0	0	0
18	24	马厩	1	25	0	0	1	45188	2	45188	3	101	4	101	1	24963	2	0	0	0
18	25	马厩	1	26	0	0	1	48254	2	48254	3	145	4	145	1	28868	2	0	0	0
18	26	马厩	1	27	0	0	1	51220	2	51220	3	207	4	207	1	32624	2	0	0	0
18	27	马厩	1	28	0	0	1	64800	2	64800	3	296	4	296	1	38042	2	0	0	0
18	28	马厩	1	29	0	0	1	68153	2	68153	3	422	4	422	1	43249	2	0	0	0
18	29	马厩	1	30	0	0	1	74612	2	74612	3	603	4	603	1	48293	2	0	0	0
18	30	马厩	1	31	0	0	1	81619	2	81619	3	862	4	862	1	53208	2	0	0	0
18	31	马厩	1	32	0	0	1	87974	2	87974	3	1232	4	1232	1	59571	2	0	0	0
18	32	马厩	1	33	0	0	1	102099	2	102099	3	1759	4	1759	1	65772	2	0	0	0
18	33	马厩	1	34	0	0	1	114027	2	114027	3	2513	4	2513	1	73305	2	0	0	0
18	34	马厩	1	35	0	0	1	120870	2	120870	3	3591	4	3591	1	80662	2	0	0	0
18	35	马厩	1	36	0	0	1	127514	2	127514	3	5130	4	5130	1	89260	2	0	0	0
18	36	马厩	1	37	0	0	1	140070	2	140070	3	7328	4	7328	1	97682	2	0	0	0
18	37	马厩	1	38	0	0	1	162518	2	162518	3	10469	4	10469	1	107274	2	0	0	0
18	38	马厩	1	39	0	0	1	169654	2	169654	3	14955	4	14955	1	117977	2	0	0	0
18	39	马厩	1	40	0	0	1	184315	2	184315	3	21328	4	21328	1	128786	2	0	0	0
18	40	马厩	1	41	0	0	1	191451	2	191451	3	24342	4	24342	1	140704	2	0	0	0
18	41	马厩	1	42	0	0	1	201900	2	201900	3	28766	4	28766	1	152483	2	0	0	0
18	42	马厩	1	43	0	0	1	238617	2	238617	3	36658	4	36658	1	166525	2	0	0	0
18	43	马厩	1	44	0	0	1	250053	2	250053	3	39797	4	39797	1	180406	2	0	0	0
18	44	马厩	1	45	0	0	1	261218	2	261218	3	45188	4	45188	1	195302	2	0	0	0
18	45	马厩	1	46	0	0	1	283024	2	283024	3	48254	4	48254	1	211188	2	0	0	0
18	46	马厩	1	47	0	0	1	294145	2	294145	3	51220	4	51220	1	228041	2	0	0	0
18	47	马厩	1	48	0	0	1	332165	2	332165	3	64800	4	64800	1	246931	2	0	0	0
18	48	马厩	1	49	0	0	1	357042	2	357042	3	68153	4	68153	1	265646	2	0	0	0
18	49	马厩	1	50	0	0	1	372851	2	372851	3	74612	4	74612	1	285276	2	0	0	0
18	50	马厩	1	51	0	0	1	384478	2	384478	3	81619	4	81619	1	306851	2	0	0	0
18	51	马厩	1	52	0	0	1	414504	2	414504	3	87974	4	87974	1	328262	2	0	0	0
18	52	马厩	1	53	0	0	1	465079	2	465079	3	102099	4	102099	1	352582	2	0	0	0
18	53	马厩	1	54	0	0	1	481506	2	481506	3	114027	4	114027	1	376726	2	0	0	0
18	54	马厩	1	55	0	0	1	515416	2	515416	3	120870	4	120870	1	402701	2	0	0	0
18	55	马厩	1	56	0	0	1	531848	2	531848	3	127514	4	127514	1	429493	2	0	0	0
18	56	马厩	1	57	0	0	1	548017	2	548017	3	140070	4	140070	1	458063	2	0	0	0
18	57	马厩	1	58	0	0	1	631801	2	631801	3	162518	4	162518	1	488376	2	0	0	0
18	58	马厩	1	59	0	0	1	649193	2	649193	3	169654	4	169654	1	519462	2	0	0	0
18	59	马厩	1	60	0	0	1	670593	2	670593	3	184315	4	184315	1	552253	2	0	0	0
18	60	马厩	1	61	0	0	1	670593	2	670593	3	184315	4	184315	1	552253	2	0	0	0
19	0	靶场	1	1	0	0	1	24	2	24	0	0	0	0	1	6	0	0	0	0
19	1	靶场	1	2	0	0	1	35	2	35	0	0	0	0	1	4	3	0	0	0
19	2	靶场	1	3	0	0	1	50	2	50	0	0	0	0	1	77	3	0	0	0
19	3	靶场	1	4	0	0	1	71	2	71	0	0	0	0	1	87	3	0	0	0
19	4	靶场	1	5	0	0	1	101	2	101	0	0	0	0	1	97	3	0	0	0
19	5	靶场	1	6	0	0	1	145	2	145	0	0	0	0	1	243	3	0	0	0
19	6	靶场	1	7	0	0	1	207	2	207	0	0	0	0	1	358	3	0	0	0
19	7	靶场	1	8	0	0	1	296	2	296	0	0	0	0	1	430	3	0	0	0
19	8	靶场	1	9	0	0	1	422	2	422	0	0	0	0	1	773	3	0	0	0
19	9	靶场	1	10	0	0	1	603	2	603	0	0	0	0	1	1055	3	0	0	0
19	10	靶场	1	11	0	0	1	862	2	862	0	0	0	0	1	1349	3	0	0	0
19	11	靶场	1	12	0	0	1	1232	2	1232	0	0	0	0	1	1744	3	0	0	0
19	12	靶场	1	13	0	0	1	1759	2	1759	0	0	0	0	1	2159	3	0	0	0
19	13	靶场	1	14	0	0	1	2513	2	2513	0	0	0	0	1	2589	3	0	0	0
19	14	靶场	1	15	0	0	1	3591	2	3591	0	0	0	0	1	3248	3	0	0	0
19	15	靶场	1	16	0	0	1	5130	2	5130	0	0	0	0	1	4060	3	0	0	0
19	16	靶场	1	17	0	0	1	7328	2	7328	0	0	0	0	1	5088	3	0	0	0
19	17	靶场	1	18	0	0	1	10469	2	10469	0	0	0	0	1	6645	3	0	0	0
19	18	靶场	1	19	0	0	1	14955	2	14955	0	0	0	0	1	7204	3	0	0	0
19	19	靶场	1	20	0	0	1	21328	2	21328	0	0	0	0	1	8930	3	0	0	0
19	20	靶场	1	21	0	0	1	24342	2	24342	3	24	4	24	1	11748	3	0	0	0
19	21	靶场	1	22	0	0	1	28766	2	28766	3	35	4	35	1	13545	3	0	0	0
19	22	靶场	1	23	0	0	1	36658	2	36658	3	50	4	50	1	15229	3	0	0	0
19	23	靶场	1	24	0	0	1	39797	2	39797	3	71	4	71	1	18516	3	0	0	0
19	24	靶场	1	25	0	0	1	45188	2	45188	3	101	4	101	1	24963	3	0	0	0
19	25	靶场	1	26	0	0	1	48254	2	48254	3	145	4	145	1	28868	3	0	0	0
19	26	靶场	1	27	0	0	1	51220	2	51220	3	207	4	207	1	32624	3	0	0	0
19	27	靶场	1	28	0	0	1	64800	2	64800	3	296	4	296	1	38042	3	0	0	0
19	28	靶场	1	29	0	0	1	68153	2	68153	3	422	4	422	1	43249	3	0	0	0
19	29	靶场	1	30	0	0	1	74612	2	74612	3	603	4	603	1	48293	3	0	0	0
19	30	靶场	1	31	0	0	1	81619	2	81619	3	862	4	862	1	53208	3	0	0	0
19	31	靶场	1	32	0	0	1	87974	2	87974	3	1232	4	1232	1	59571	3	0	0	0
19	32	靶场	1	33	0	0	1	102099	2	102099	3	1759	4	1759	1	65772	3	0	0	0
19	33	靶场	1	34	0	0	1	114027	2	114027	3	2513	4	2513	1	73305	3	0	0	0
19	34	靶场	1	35	0	0	1	120870	2	120870	3	3591	4	3591	1	80662	3	0	0	0
19	35	靶场	1	36	0	0	1	127514	2	127514	3	5130	4	5130	1	89260	3	0	0	0
19	36	靶场	1	37	0	0	1	140070	2	140070	3	7328	4	7328	1	97682	3	0	0	0
19	37	靶场	1	38	0	0	1	162518	2	162518	3	10469	4	10469	1	107274	3	0	0	0
19	38	靶场	1	39	0	0	1	169654	2	169654	3	14955	4	14955	1	117977	3	0	0	0
19	39	靶场	1	40	0	0	1	184315	2	184315	3	21328	4	21328	1	128786	3	0	0	0
19	40	靶场	1	41	0	0	1	191451	2	191451	3	24342	4	24342	1	140704	3	0	0	0
19	41	靶场	1	42	0	0	1	201900	2	201900	3	28766	4	28766	1	152483	3	0	0	0
19	42	靶场	1	43	0	0	1	238617	2	238617	3	36658	4	36658	1	166525	3	0	0	0
19	43	靶场	1	44	0	0	1	250053	2	250053	3	39797	4	39797	1	180406	3	0	0	0
19	44	靶场	1	45	0	0	1	261218	2	261218	3	45188	4	45188	1	195302	3	0	0	0
19	45	靶场	1	46	0	0	1	283024	2	283024	3	48254	4	48254	1	211188	3	0	0	0
19	46	靶场	1	47	0	0	1	294145	2	294145	3	51220	4	51220	1	228041	3	0	0	0
19	47	靶场	1	48	0	0	1	332165	2	332165	3	64800	4	64800	1	246931	3	0	0	0
19	48	靶场	1	49	0	0	1	357042	2	357042	3	68153	4	68153	1	265646	3	0	0	0
19	49	靶场	1	50	0	0	1	372851	2	372851	3	74612	4	74612	1	285276	3	0	0	0
19	50	靶场	1	51	0	0	1	384478	2	384478	3	81619	4	81619	1	306851	3	0	0	0
19	51	靶场	1	52	0	0	1	414504	2	414504	3	87974	4	87974	1	328262	3	0	0	0
19	52	靶场	1	53	0	0	1	465079	2	465079	3	102099	4	102099	1	352582	3	0	0	0
19	53	靶场	1	54	0	0	1	481506	2	481506	3	114027	4	114027	1	376726	3	0	0	0
19	54	靶场	1	55	0	0	1	515416	2	515416	3	120870	4	120870	1	402701	3	0	0	0
19	55	靶场	1	56	0	0	1	531848	2	531848	3	127514	4	127514	1	429493	3	0	0	0
19	56	靶场	1	57	0	0	1	548017	2	548017	3	140070	4	140070	1	458063	3	0	0	0
19	57	靶场	1	58	0	0	1	631801	2	631801	3	162518	4	162518	1	488376	3	0	0	0
19	58	靶场	1	59	0	0	1	649193	2	649193	3	169654	4	169654	1	519462	3	0	0	0
19	59	靶场	1	60	0	0	1	670593	2	670593	3	184315	4	184315	1	552253	3	0	0	0
19	60	靶场	1	61	0	0	1	670593	2	670593	3	184315	4	184315	1	552253	3	0	0	0
20	0	塔楼	1	1	0	0	1	24	2	24	0	0	0	0	1	6	0	0	0	0
20	1	塔楼	1	2	0	0	1	35	2	35	0	0	0	0	1	4	4	0	0	0
20	2	塔楼	1	3	0	0	1	50	2	50	0	0	0	0	1	77	4	0	0	0
20	3	塔楼	1	4	0	0	1	71	2	71	0	0	0	0	1	87	4	0	0	0
20	4	塔楼	1	5	0	0	1	101	2	101	0	0	0	0	1	97	4	0	0	0
20	5	塔楼	1	6	0	0	1	145	2	145	0	0	0	0	1	243	4	0	0	0
20	6	塔楼	1	7	0	0	1	207	2	207	0	0	0	0	1	358	4	0	0	0
20	7	塔楼	1	8	0	0	1	296	2	296	0	0	0	0	1	430	4	0	0	0
20	8	塔楼	1	9	0	0	1	422	2	422	0	0	0	0	1	773	4	0	0	0
20	9	塔楼	1	10	0	0	1	603	2	603	0	0	0	0	1	1055	4	0	0	0
20	10	塔楼	1	11	0	0	1	862	2	862	0	0	0	0	1	1349	4	0	0	0
20	11	塔楼	1	12	0	0	1	1232	2	1232	0	0	0	0	1	1744	4	0	0	0
20	12	塔楼	1	13	0	0	1	1759	2	1759	0	0	0	0	1	2159	4	0	0	0
20	13	塔楼	1	14	0	0	1	2513	2	2513	0	0	0	0	1	2589	4	0	0	0
20	14	塔楼	1	15	0	0	1	3591	2	3591	0	0	0	0	1	3248	4	0	0	0
20	15	塔楼	1	16	0	0	1	5130	2	5130	0	0	0	0	1	4060	4	0	0	0
20	16	塔楼	1	17	0	0	1	7328	2	7328	0	0	0	0	1	5088	4	0	0	0
20	17	塔楼	1	18	0	0	1	10469	2	10469	0	0	0	0	1	6645	4	0	0	0
20	18	塔楼	1	19	0	0	1	14955	2	14955	0	0	0	0	1	7204	4	0	0	0
20	19	塔楼	1	20	0	0	1	21328	2	21328	0	0	0	0	1	8930	4	0	0	0
20	20	塔楼	1	21	0	0	1	24342	2	24342	3	24	4	24	1	11748	4	0	0	0
20	21	塔楼	1	22	0	0	1	28766	2	28766	3	35	4	35	1	13545	4	0	0	0
20	22	塔楼	1	23	0	0	1	36658	2	36658	3	50	4	50	1	15229	4	0	0	0
20	23	塔楼	1	24	0	0	1	39797	2	39797	3	71	4	71	1	18516	4	0	0	0
20	24	塔楼	1	25	0	0	1	45188	2	45188	3	101	4	101	1	24963	4	0	0	0
20	25	塔楼	1	26	0	0	1	48254	2	48254	3	145	4	145	1	28868	4	0	0	0
20	26	塔楼	1	27	0	0	1	51220	2	51220	3	207	4	207	1	32624	4	0	0	0
20	27	塔楼	1	28	0	0	1	64800	2	64800	3	296	4	296	1	38042	4	0	0	0
20	28	塔楼	1	29	0	0	1	68153	2	68153	3	422	4	422	1	43249	4	0	0	0
20	29	塔楼	1	30	0	0	1	74612	2	74612	3	603	4	603	1	48293	4	0	0	0
20	30	塔楼	1	31	0	0	1	81619	2	81619	3	862	4	862	1	53208	4	0	0	0
20	31	塔楼	1	32	0	0	1	87974	2	87974	3	1232	4	1232	1	59571	4	0	0	0
20	32	塔楼	1	33	0	0	1	102099	2	102099	3	1759	4	1759	1	65772	4	0	0	0
20	33	塔楼	1	34	0	0	1	114027	2	114027	3	2513	4	2513	1	73305	4	0	0	0
20	34	塔楼	1	35	0	0	1	120870	2	120870	3	3591	4	3591	1	80662	4	0	0	0
20	35	塔楼	1	36	0	0	1	127514	2	127514	3	5130	4	5130	1	89260	4	0	0	0
20	36	塔楼	1	37	0	0	1	140070	2	140070	3	7328	4	7328	1	97682	4	0	0	0
20	37	塔楼	1	38	0	0	1	162518	2	162518	3	10469	4	10469	1	107274	4	0	0	0
20	38	塔楼	1	39	0	0	1	169654	2	169654	3	14955	4	14955	1	117977	4	0	0	0
20	39	塔楼	1	40	0	0	1	184315	2	184315	3	21328	4	21328	1	128786	4	0	0	0
20	40	塔楼	1	41	0	0	1	191451	2	191451	3	24342	4	24342	1	140704	4	0	0	0
20	41	塔楼	1	42	0	0	1	201900	2	201900	3	28766	4	28766	1	152483	4	0	0	0
20	42	塔楼	1	43	0	0	1	238617	2	238617	3	36658	4	36658	1	166525	4	0	0	0
20	43	塔楼	1	44	0	0	1	250053	2	250053	3	39797	4	39797	1	180406	4	0	0	0
20	44	塔楼	1	45	0	0	1	261218	2	261218	3	45188	4	45188	1	195302	4	0	0	0
20	45	塔楼	1	46	0	0	1	283024	2	283024	3	48254	4	48254	1	211188	4	0	0	0
20	46	塔楼	1	47	0	0	1	294145	2	294145	3	51220	4	51220	1	228041	4	0	0	0
20	47	塔楼	1	48	0	0	1	332165	2	332165	3	64800	4	64800	1	246931	4	0	0	0
20	48	塔楼	1	49	0	0	1	357042	2	357042	3	68153	4	68153	1	265646	4	0	0	0
20	49	塔楼	1	50	0	0	1	372851	2	372851	3	74612	4	74612	1	285276	4	0	0	0
20	50	塔楼	1	51	0	0	1	384478	2	384478	3	81619	4	81619	1	306851	4	0	0	0
20	51	塔楼	1	52	0	0	1	414504	2	414504	3	87974	4	87974	1	328262	4	0	0	0
20	52	塔楼	1	53	0	0	1	465079	2	465079	3	102099	4	102099	1	352582	4	0	0	0
20	53	塔楼	1	54	0	0	1	481506	2	481506	3	114027	4	114027	1	376726	4	0	0	0
20	54	塔楼	1	55	0	0	1	515416	2	515416	3	120870	4	120870	1	402701	4	0	0	0
20	55	塔楼	1	56	0	0	1	531848	2	531848	3	127514	4	127514	1	429493	4	0	0	0
20	56	塔楼	1	57	0	0	1	548017	2	548017	3	140070	4	140070	1	458063	4	0	0	0
20	57	塔楼	1	58	0	0	1	631801	2	631801	3	162518	4	162518	1	488376	4	0	0	0
20	58	塔楼	1	59	0	0	1	649193	2	649193	3	169654	4	169654	1	519462	4	0	0	0
20	59	塔楼	1	60	0	0	1	670593	2	670593	3	184315	4	184315	1	552253	4	0	0	0
20	60	塔楼	1	61	0	0	1	670593	2	670593	3	184315	4	184315	1	552253	4	0	0	0
21	0	法师营地	1	1	0	0	1	24	2	24	0	0	0	0	1	6	0	0	0	0
21	1	法师营地	1	2	0	0	1	35	2	35	0	0	0	0	1	4	5	0	0	0
21	2	法师营地	1	3	0	0	1	50	2	50	0	0	0	0	1	77	5	0	0	0
21	3	法师营地	1	4	0	0	1	71	2	71	0	0	0	0	1	87	5	0	0	0
21	4	法师营地	1	5	0	0	1	101	2	101	0	0	0	0	1	97	5	0	0	0
21	5	法师营地	1	6	0	0	1	145	2	145	0	0	0	0	1	243	5	0	0	0
21	6	法师营地	1	7	0	0	1	207	2	207	0	0	0	0	1	358	5	0	0	0
21	7	法师营地	1	8	0	0	1	296	2	296	0	0	0	0	1	430	5	0	0	0
21	8	法师营地	1	9	0	0	1	422	2	422	0	0	0	0	1	773	5	0	0	0
21	9	法师营地	1	10	0	0	1	603	2	603	0	0	0	0	1	1055	5	0	0	0
21	10	法师营地	1	11	0	0	1	862	2	862	0	0	0	0	1	1349	5	0	0	0
21	11	法师营地	1	12	0	0	1	1232	2	1232	0	0	0	0	1	1744	5	0	0	0
21	12	法师营地	1	13	0	0	1	1759	2	1759	0	0	0	0	1	2159	5	0	0	0
21	13	法师营地	1	14	0	0	1	2513	2	2513	0	0	0	0	1	2589	5	0	0	0
21	14	法师营地	1	15	0	0	1	3591	2	3591	0	0	0	0	1	3248	5	0	0	0
21	15	法师营地	1	16	0	0	1	5130	2	5130	0	0	0	0	1	4060	5	0	0	0
21	16	法师营地	1	17	0	0	1	7328	2	7328	0	0	0	0	1	5088	5	0	0	0
21	17	法师营地	1	18	0	0	1	10469	2	10469	0	0	0	0	1	6645	5	0	0	0
21	18	法师营地	1	19	0	0	1	14955	2	14955	0	0	0	0	1	7204	5	0	0	0
21	19	法师营地	1	20	0	0	1	21328	2	21328	0	0	0	0	1	8930	5	0	0	0
21	20	法师营地	1	21	0	0	1	24342	2	24342	3	24	4	24	1	11748	5	0	0	0
21	21	法师营地	1	22	0	0	1	28766	2	28766	3	35	4	35	1	13545	5	0	0	0
21	22	法师营地	1	23	0	0	1	36658	2	36658	3	50	4	50	1	15229	5	0	0	0
21	23	法师营地	1	24	0	0	1	39797	2	39797	3	71	4	71	1	18516	5	0	0	0
21	24	法师营地	1	25	0	0	1	45188	2	45188	3	101	4	101	1	24963	5	0	0	0
21	25	法师营地	1	26	0	0	1	48254	2	48254	3	145	4	145	1	28868	5	0	0	0
21	26	法师营地	1	27	0	0	1	51220	2	51220	3	207	4	207	1	32624	5	0	0	0
21	27	法师营地	1	28	0	0	1	64800	2	64800	3	296	4	296	1	38042	5	0	0	0
21	28	法师营地	1	29	0	0	1	68153	2	68153	3	422	4	422	1	43249	5	0	0	0
21	29	法师营地	1	30	0	0	1	74612	2	74612	3	603	4	603	1	48293	5	0	0	0
21	30	法师营地	1	31	0	0	1	81619	2	81619	3	862	4	862	1	53208	5	0	0	0
21	31	法师营地	1	32	0	0	1	87974	2	87974	3	1232	4	1232	1	59571	5	0	0	0
21	32	法师营地	1	33	0	0	1	102099	2	102099	3	1759	4	1759	1	65772	5	0	0	0
21	33	法师营地	1	34	0	0	1	114027	2	114027	3	2513	4	2513	1	73305	5	0	0	0
21	34	法师营地	1	35	0	0	1	120870	2	120870	3	3591	4	3591	1	80662	5	0	0	0
21	35	法师营地	1	36	0	0	1	127514	2	127514	3	5130	4	5130	1	89260	5	0	0	0
21	36	法师营地	1	37	0	0	1	140070	2	140070	3	7328	4	7328	1	97682	5	0	0	0
21	37	法师营地	1	38	0	0	1	162518	2	162518	3	10469	4	10469	1	107274	5	0	0	0
21	38	法师营地	1	39	0	0	1	169654	2	169654	3	14955	4	14955	1	117977	5	0	0	0
21	39	法师营地	1	40	0	0	1	184315	2	184315	3	21328	4	21328	1	128786	5	0	0	0
21	40	法师营地	1	41	0	0	1	191451	2	191451	3	24342	4	24342	1	140704	5	0	0	0
21	41	法师营地	1	42	0	0	1	201900	2	201900	3	28766	4	28766	1	152483	5	0	0	0
21	42	法师营地	1	43	0	0	1	238617	2	238617	3	36658	4	36658	1	166525	5	0	0	0
21	43	法师营地	1	44	0	0	1	250053	2	250053	3	39797	4	39797	1	180406	5	0	0	0
21	44	法师营地	1	45	0	0	1	261218	2	261218	3	45188	4	45188	1	195302	5	0	0	0
21	45	法师营地	1	46	0	0	1	283024	2	283024	3	48254	4	48254	1	211188	5	0	0	0
21	46	法师营地	1	47	0	0	1	294145	2	294145	3	51220	4	51220	1	228041	5	0	0	0
21	47	法师营地	1	48	0	0	1	332165	2	332165	3	64800	4	64800	1	246931	5	0	0	0
21	48	法师营地	1	49	0	0	1	357042	2	357042	3	68153	4	68153	1	265646	5	0	0	0
21	49	法师营地	1	50	0	0	1	372851	2	372851	3	74612	4	74612	1	285276	5	0	0	0
21	50	法师营地	1	51	0	0	1	384478	2	384478	3	81619	4	81619	1	306851	5	0	0	0
21	51	法师营地	1	52	0	0	1	414504	2	414504	3	87974	4	87974	1	328262	5	0	0	0
21	52	法师营地	1	53	0	0	1	465079	2	465079	3	102099	4	102099	1	352582	5	0	0	0
21	53	法师营地	1	54	0	0	1	481506	2	481506	3	114027	4	114027	1	376726	5	0	0	0
21	54	法师营地	1	55	0	0	1	515416	2	515416	3	120870	4	120870	1	402701	5	0	0	0
21	55	法师营地	1	56	0	0	1	531848	2	531848	3	127514	4	127514	1	429493	5	0	0	0
21	56	法师营地	1	57	0	0	1	548017	2	548017	3	140070	4	140070	1	458063	5	0	0	0
21	57	法师营地	1	58	0	0	1	631801	2	631801	3	162518	4	162518	1	488376	5	0	0	0
21	58	法师营地	1	59	0	0	1	649193	2	649193	3	169654	4	169654	1	519462	5	0	0	0
21	59	法师营地	1	60	0	0	1	670593	2	670593	3	184315	4	184315	1	552253	5	0	0	0
21	60	法师营地	1	61	0	0	1	670593	2	670593	3	184315	4	184315	1	552253	5	0	0	0
22	0	工匠坊	1	1	0	0	1	24	2	24	0	0	0	0	1	6	0	0	0	0
22	1	工匠坊	1	2	0	0	1	35	2	35	0	0	0	0	1	4	100	0	0	0
22	2	工匠坊	1	3	0	0	1	50	2	50	0	0	0	0	1	77	100	0	0	0
22	3	工匠坊	1	4	0	0	1	71	2	71	0	0	0	0	1	87	100	0	0	0
22	4	工匠坊	1	5	0	0	1	101	2	101	0	0	0	0	1	97	100	0	0	0
22	5	工匠坊	1	6	0	0	1	145	2	145	0	0	0	0	1	243	100	0	0	0
22	6	工匠坊	1	7	0	0	1	207	2	207	0	0	0	0	1	358	100	0	0	0
22	7	工匠坊	1	8	0	0	1	296	2	296	0	0	0	0	1	430	100	0	0	0
22	8	工匠坊	1	9	0	0	1	422	2	422	0	0	0	0	1	773	100	0	0	0
22	9	工匠坊	1	10	0	0	1	603	2	603	0	0	0	0	1	1055	100	0	0	0
22	10	工匠坊	1	11	0	0	1	862	2	862	0	0	0	0	1	1349	100	0	0	0
22	11	工匠坊	1	12	0	0	1	1232	2	1232	0	0	0	0	1	1744	100	0	0	0
22	12	工匠坊	1	13	0	0	1	1759	2	1759	0	0	0	0	1	2159	100	0	0	0
22	13	工匠坊	1	14	0	0	1	2513	2	2513	0	0	0	0	1	2589	100	0	0	0
22	14	工匠坊	1	15	0	0	1	3591	2	3591	0	0	0	0	1	3248	100	0	0	0
22	15	工匠坊	1	16	0	0	1	5130	2	5130	0	0	0	0	1	4060	100	0	0	0
22	16	工匠坊	1	17	0	0	1	7328	2	7328	0	0	0	0	1	5088	100	0	0	0
22	17	工匠坊	1	18	0	0	1	10469	2	10469	0	0	0	0	1	6645	100	0	0	0
22	18	工匠坊	1	19	0	0	1	14955	2	14955	0	0	0	0	1	7204	100	0	0	0
22	19	工匠坊	1	20	0	0	1	21328	2	21328	0	0	0	0	1	8930	100	0	0	0
22	20	工匠坊	1	21	0	0	1	24342	2	24342	3	24	4	24	1	11748	100	0	0	0
22	21	工匠坊	1	22	0	0	1	28766	2	28766	3	35	4	35	1	13545	100	0	0	0
22	22	工匠坊	1	23	0	0	1	36658	2	36658	3	50	4	50	1	15229	100	0	0	0
22	23	工匠坊	1	24	0	0	1	39797	2	39797	3	71	4	71	1	18516	100	0	0	0
22	24	工匠坊	1	25	0	0	1	45188	2	45188	3	101	4	101	1	24963	100	0	0	0
22	25	工匠坊	1	26	0	0	1	48254	2	48254	3	145	4	145	1	28868	100	0	0	0
22	26	工匠坊	1	27	0	0	1	51220	2	51220	3	207	4	207	1	32624	100	0	0	0
22	27	工匠坊	1	28	0	0	1	64800	2	64800	3	296	4	296	1	38042	100	0	0	0
22	28	工匠坊	1	29	0	0	1	68153	2	68153	3	422	4	422	1	43249	100	0	0	0
22	29	工匠坊	1	30	0	0	1	74612	2	74612	3	603	4	603	1	48293	100	0	0	0
22	30	工匠坊	1	31	0	0	1	81619	2	81619	3	862	4	862	1	53208	100	0	0	0
22	31	工匠坊	1	32	0	0	1	87974	2	87974	3	1232	4	1232	1	59571	100	0	0	0
22	32	工匠坊	1	33	0	0	1	102099	2	102099	3	1759	4	1759	1	65772	100	0	0	0
22	33	工匠坊	1	34	0	0	1	114027	2	114027	3	2513	4	2513	1	73305	100	0	0	0
22	34	工匠坊	1	35	0	0	1	120870	2	120870	3	3591	4	3591	1	80662	100	0	0	0
22	35	工匠坊	1	36	0	0	1	127514	2	127514	3	5130	4	5130	1	89260	100	0	0	0
22	36	工匠坊	1	37	0	0	1	140070	2	140070	3	7328	4	7328	1	97682	100	0	0	0
22	37	工匠坊	1	38	0	0	1	162518	2	162518	3	10469	4	10469	1	107274	100	0	0	0
22	38	工匠坊	1	39	0	0	1	169654	2	169654	3	14955	4	14955	1	117977	100	0	0	0
22	39	工匠坊	1	40	0	0	1	184315	2	184315	3	21328	4	21328	1	128786	100	0	0	0
22	40	工匠坊	1	41	0	0	1	191451	2	191451	3	24342	4	24342	1	140704	100	0	0	0
22	41	工匠坊	1	42	0	0	1	201900	2	201900	3	28766	4	28766	1	152483	100	0	0	0
22	42	工匠坊	1	43	0	0	1	238617	2	238617	3	36658	4	36658	1	166525	100	0	0	0
22	43	工匠坊	1	44	0	0	1	250053	2	250053	3	39797	4	39797	1	180406	100	0	0	0
22	44	工匠坊	1	45	0	0	1	261218	2	261218	3	45188	4	45188	1	195302	100	0	0	0
22	45	工匠坊	1	46	0	0	1	283024	2	283024	3	48254	4	48254	1	211188	100	0	0	0
22	46	工匠坊	1	47	0	0	1	294145	2	294145	3	51220	4	51220	1	228041	100	0	0	0
22	47	工匠坊	1	48	0	0	1	332165	2	332165	3	64800	4	64800	1	246931	100	0	0	0
22	48	工匠坊	1	49	0	0	1	357042	2	357042	3	68153	4	68153	1	265646	100	0	0	0
22	49	工匠坊	1	50	0	0	1	372851	2	372851	3	74612	4	74612	1	285276	100	0	0	0
22	50	工匠坊	1	51	0	0	1	384478	2	384478	3	81619	4	81619	1	306851	100	0	0	0
22	51	工匠坊	1	52	0	0	1	414504	2	414504	3	87974	4	87974	1	328262	100	0	0	0
22	52	工匠坊	1	53	0	0	1	465079	2	465079	3	102099	4	102099	1	352582	100	0	0	0
22	53	工匠坊	1	54	0	0	1	481506	2	481506	3	114027	4	114027	1	376726	100	0	0	0
22	54	工匠坊	1	55	0	0	1	515416	2	515416	3	120870	4	120870	1	402701	100	0	0	0
22	55	工匠坊	1	56	0	0	1	531848	2	531848	3	127514	4	127514	1	429493	100	0	0	0
22	56	工匠坊	1	57	0	0	1	548017	2	548017	3	140070	4	140070	1	458063	100	0	0	0
22	57	工匠坊	1	58	0	0	1	631801	2	631801	3	162518	4	162518	1	488376	100	0	0	0
22	58	工匠坊	1	59	0	0	1	649193	2	649193	3	169654	4	169654	1	519462	100	0	0	0
22	59	工匠坊	1	60	0	0	1	670593	2	670593	3	184315	4	184315	1	552253	100	0	0	0
22	60	工匠坊	1	61	0	0	1	670593	2	670593	3	184315	4	184315	1	552253	100	0	0	0
